-0.359346	31267	-4.955432	68698	-0.359346	22127	-3.861769	50786
0.221498	35396	2.757860	38972	0.221498	25080	2.361587	37259
0.252914	27693	5.179040	45573	0.252914	19492	5.179040	32111
0.186178	31610	-3.132471	150916	0.176980	14393	-3.115268	26177
0.289296	31551	3.536643	13317	0.289296	22287	3.037714	8861
-0.250008	39559	-4.922086	160889	-0.247031	5913	-4.922086	98064
0.192913	160756	3.519520	174911	0.171809	81665	3.044575	105163
0.176112	28042	3.424075	158165	0.174780	2324	2.752474	96675
0.328771	35460	4.839026	25072	0.328771	25109	4.839026	17433
-0.216876	31508	-3.385848	7242	-0.186670	24771	-3.385848	4832
-0.193729	27588	2.610324	136227	-0.193729	19442	2.272070	4867
-0.274323	24513	3.534134	168467	-0.274323	17077	3.520588	103273
-0.194601	10918	-3.013531	107319	-0.194601	7333	-2.922652	75362
-0.326163	24513	-5.389111	28709	-0.326163	17077	-4.932793	25985
-0.230501	8629	-4.810498	7040	-0.230501	5836	-4.810498	4771
-0.244488	7466	-3.770222	4476	-0.166968	10941	-2.882531	35154
-0.205027	180180	-3.160805	174232	-0.193594	2394	-2.916059	103262
0.213065	4512	3.556013	125032	0.213065	3009	3.123674	3864
-0.236152	181904	-5.306966	155136	-0.205265	106051	-3.835624	106051
-0.288384	35518	-3.786578	18849	-0.288384	25149	-3.592567	6069
-0.246525	3500	-3.922625	71652	-0.246525	2464	-3.301805	3191
0.205071	11949	4.000985	12987	0.205071	7892	2.924865	7171
-0.244068	162	-3.810349	181808	-0.244068	158	-3.067725	650
-0.190216	3501	-3.540045	166138	-0.190216	2465	-3.230428	100530
-0.260365	2421	3.598022	149661	-0.260365	1774	-3.356884	1774
0.295284	30490	4.997383	79320	0.295284	21680	3.788884	19983
0.366855	35517	3.652862	122775	0.366855	25148	3.652862	76696
-0.199472	181598	3.518095	79320	0.186156	14963	-2.812348	105158
0.308350	28687	4.788754	13446	0.308350	20178	4.634149	15318
0.215865	3045	3.530453	181572	0.215865	2250	2.805722	103235
-0.213903	27999	-3.445538	13463	-0.213903	19666	-3.445538	8897
0.198969	139328	4.175633	136018	0.185132	91222	3.840022	93060
0.183720	9948	4.444737	171123	0.183720	6644	3.576974	40571
-0.262206	1678	-4.593008	283	-0.262206	1338	-3.845595	244
0.177142	131725	5.239684	166294	0.177142	81665	3.260379	86419
-0.174860	25330	3.301852	149301	-0.174860	17631	-2.823282	24495
0.263158	31549	4.012538	6044	0.263158	22285	4.012538	3985
-0.331787	27708	-4.436056	109825	-0.331787	19495	-4.210765	15297
0.182710	48594	3.906853	28953	0.182710	34119	3.262385	6079
-0.281337	31607	-4.160517	91547	-0.281337	22326	-3.198503	62858
0.281970	31549	5.747702	11311	0.281970	22285	5.747702	7426
-0.336788	35498	-4.150370	28913	-0.336788	25141	-3.850177	35475
-0.276477	31669	-4.436954	11311	-0.276477	22368	-4.436954	7426
-0.223968	44025	4.248664	63106	-0.223968	30959	3.864577	40682
0.193847	31551	2.925768	126660	0.193847	22287	-2.794791	19937
-0.212040	3498	4.132555	149301	-0.212040	2462	-2.817509	1038
-0.176549	27982	-3.118539	9295	-0.176549	19662	-3.118539	6075
-0.191555	35358	5.071924	155317	0.169757	5655	4.130120	98224
-0.173886	181611	-4.423735	166294	0.173353	9214	-2.846713	99453
-0.198634	43965	-4.066460	166138	-0.197177	22327	-3.711740	102436
0.166440	10830	5.324524	166294	0.166440	7303	2.589844	13275
-0.228288	14153	-4.065973	26616	-0.228288	9324	-4.065973	18738
-0.227399	31563	-3.572295	31562	-0.209239	22288	-3.374143	22288
0.245802	104072	4.175948	104072	0.237306	10970	3.413945	17433
-0.197499	27984	3.317253	168503	-0.197499	19664	2.983837	44523
0.239860	2483	-4.153858	149711	0.239860	1836	3.817032	3825
-0.167881	49305	2.872805	181080	-0.167881	34689	-2.585787	34689
-0.373970	35460	-5.032854	17597	-0.373970	25109	-4.630766	11966
0.214527	48840	3.217173	17487	0.214527	34338	2.741149	37998
-0.326134	24573	-6.534728	53830	-0.326134	17114	-3.765380	40302
0.272895	28039	3.783643	71569	0.272895	19702	3.783643	48353
0.180332	3055	3.590906	166294	0.180332	2259	-3.109493	8872
0.212289	4850	2.801535	179133	0.212289	3324	-2.545064	50642
-0.297957	31608	-4.200720	116039	-0.297957	22327	-3.888297	7451
-0.260308	31549	-4.928954	9319	-0.260308	22285	-4.928954	6099
0.283507	7842	5.007878	15637	0.283507	5183	5.007878	10508
-0.282789	24803	-3.943470	580	-0.282789	17230	-3.943470	514
0.279514	35557	4.146661	181955	0.279514	25185	3.476430	75023
0.244733	142607	3.491086	139419	-0.199172	14910	2.780076	105163
0.233178	11933	3.378259	5931	0.233178	7884	3.378259	3881
-0.205306	18389	3.821418	125220	-0.205306	12483	-2.846029	19350
0.215712	18899	4.061252	23064	0.215712	12811	4.061252	15982
-0.248290	160756	-4.518454	160779	-0.230567	4079	-3.825746	99309
0.184539	2450	3.160646	180979	0.184539	1803	2.941314	104009
-0.285375	24564	-5.192648	22314	-0.285375	17111	-5.192648	15350
0.208517	76053	-4.550011	155317	0.172889	29541	-3.213126	96849
-0.208995	160756	-2.927861	181949	-0.166558	5171	-2.502111	30883
-0.384889	31550	-4.157903	18277	-0.384889	22286	-4.157903	12416
-0.242628	180997	-4.363027	180200	-0.215196	98879	-3.837383	105551
0.213768	22070	3.685259	25014	0.182940	157	2.651259	98178
-0.173821	80219	-4.769681	32881	-0.157035	19624	-4.167454	23192
0.224917	24767	4.288253	11342	0.224917	17203	4.288253	7452
-0.153809	62678	-2.707579	109752	-0.150126	13183	-2.438907	15359
-0.250905	8083	-3.886242	50142	-0.250905	5409	-3.886242	35155
0.198624	181931	3.266087	181561	-0.160212	17044	2.945236	106040
-0.216638	24512	-3.457455	32126	-0.216638	17076	-3.113416	29191
0.189876	35639	-4.656970	166294	0.185357	25148	2.296115	19063
-0.181936	27588	3.689522	158206	-0.181936	19442	2.701387	95082
0.232673	25318	3.710577	22283	0.232673	17620	3.710577	15319
-0.171248	6126	-3.363276	32881	-0.171248	4061	-3.221095	23192
0.259004	8334	3.665369	10297	0.259004	5629	3.665369	6965
-0.206614	32810	-3.395351	41324	-0.206614	23174	-3.365809	15367
0.216878	48894	3.887596	58830	0.216878	34387	3.887596	40654
-0.230293	28649	-2.904720	13404	-0.230293	20152	-2.904720	8863
0.242013	28687	3.071677	22265	0.242013	20178	3.071677	15301
0.205186	31365	4.243756	37065	0.203802	19494	4.062135	26191
0.294321	31322	3.722833	13446	0.256873	22199	3.549346	8787
-0.245428	186	3.691488	79743	-0.245428	181	-3.618417	103457
0.228030	27527	2.859851	121758	0.228030	19409	2.630552	48798
-0.252985	4494	-5.043627	5917	-0.252985	2993	-5.043627	3867
-0.219189	3499	3.906425	79743	-0.219189	2463	-2.833712	11206
0.168329	6147	-3.220233	122147	0.168329	4079	2.953016	43363
-0.201998	7479	-3.294302	87781	-0.176547	10668	-2.701744	106077
0.256876	67909	4.000211	40191	0.248478	22659	3.769385	25595
-0.224164	142607	4.226997	48360	0.170459	19662	-3.344861	106050
-0.233491	35517	-4.539223	174682	-0.233491	25148	-3.285362	102917
0.259560	31607	3.292938	75379	0.259560	22326	2.392234	6101
-0.281104	35517	-4.751903	173237	-0.281104	25148	-4.694993	90508
0.277881	35518	4.917213	41370	0.277881	25149	4.299106	20357
0.280452	24573	3.973367	11483	0.280452	17114	3.973367	7580
-0.243265	31607	2.694458	170758	-0.243265	22326	2.653896	40656
0.223930	21676	4.447611	55742	0.223930	14907	3.691252	40681
0.214402	3631	3.478604	180307	0.214402	2579	3.359717	83597
-0.283627	39723	3.131112	58830	-0.283627	28026	3.131112	40654
-0.222634	175817	-4.285095	155556	0.167288	9324	-3.188687	91465
-0.193562	39761	-4.902344	119606	-0.193562	28059	-4.902344	74966
-0.177478	17816	-3.544688	1459	-0.177478	12082	-2.650296	48297
0.165982	6979	4.558950	161109	0.165982	4732	2.700172	91465
-0.212934	21716	-2.990309	26258	-0.212934	14929	-2.990309	18393
-0.185612	24762	3.472094	79743	-0.167923	159	-2.575376	11966
0.197574	3460	-2.892285	26955	0.197574	2426	-2.892285	19060
-0.226097	35556	-3.584349	93668	-0.226097	25184	-3.291645	86417
-0.225535	4486	-4.893616	5873	-0.225535	2985	-4.893616	3825
0.260059	27462	3.765667	124861	0.260059	19372	3.631660	74505
0.206743	181627	3.161097	163350	0.175280	73766	2.689053	100475
-0.202628	24450	3.373870	284	-0.202628	17045	-3.109107	17751
0.292503	16474	3.969571	32163	0.292503	10997	3.969571	22750
-0.184785	23853	-2.984588	32612	-0.184785	16705	-2.782524	25993
0.176823	181820	-4.370743	89281	-0.162410	78883	-3.400975	78883
-0.254526	16390	-3.474911	752	-0.254526	10945	-3.276187	75895
0.199801	36033	-4.105515	161108	0.199801	25503	-3.165653	60494
0.184240	23578	3.222951	22282	0.184240	16459	3.222951	15318
-0.260040	181920	-5.087564	17176	-0.257583	1169	-5.087564	11582
-0.202300	23581	-3.775754	36114	-0.202300	16462	-3.626800	40658
-0.217696	126642	-4.297400	166052	-0.175834	98879	-3.979256	43366
0.270024	13884	4.884195	180174	0.270024	9184	4.289948	101107
-0.172943	18274	3.576390	103106	-0.172943	12413	-2.762715	32818
0.175866	152181	5.789661	161019	0.154405	102434	4.374435	99433
0.196188	6373	-4.347427	13490	0.196188	4288	-4.347427	8899
0.206929	36142	3.739715	54551	0.206929	25592	3.739715	37984
0.214175	141459	3.593320	141459	0.211416	3850	3.076183	3833
0.188172	181009	3.060658	181553	0.176658	105987	2.931145	102444
0.163011	35293	-2.353570	181517	0.163011	25031	2.338397	20146
0.260617	21675	3.487935	19684	0.260617	14906	3.422193	20348
-0.178260	160756	-3.841555	140109	0.165832	2465	-2.072569	6066
0.226723	3501	2.865409	158165	0.226723	2465	2.531860	1836
-0.216441	40003	-3.686690	67332	-0.216441	28250	-3.345624	45872
-0.197350	9927	-2.336737	177967	-0.197350	6623	-2.269539	6623
0.232672	27822	-3.171332	150967	0.225943	19566	3.171003	16738
-0.163775	91658	3.005106	140109	-0.146061	17595	-2.254640	57926
-0.230964	1913	-3.415468	166294	-0.230964	1531	-2.716140	916
0.352308	31551	3.759153	21719	0.352308	22287	3.201971	31273
-0.177407	24804	3.380287	93594	-0.177407	17231	-2.286488	15755
0.176437	152067	3.322940	152067	-0.170172	31172	-2.426024	37914
0.236984	6045	4.351969	6015	0.236984	3986	4.351969	3958
0.196373	24512	-3.591162	149811	0.196373	17076	3.096960	14033
0.179805	27984	-3.887974	174686	0.179805	19664	3.222285	32084
0.203356	31737	-3.659800	99782	0.191076	3320	-3.180464	50642
-0.200387	126642	-3.283506	174686	-0.188537	2340	-2.846322	99298
-0.243900	9635	-6.492768	156018	-0.243900	6361	-4.678512	102431
-0.216505	31165	-3.018108	7484	-0.216505	22070	-3.018108	4853
-0.249383	30059	-4.421818	129791	-0.249383	21270	-4.060572	53247
-0.203470	44023	3.389827	284	-0.203470	30957	-3.135574	101482
0.164057	181082	2.944269	25514	-0.150072	3074	2.429973	105993
-0.188211	22148	-2.867037	62864	-0.176006	25305	-2.505155	61697
-0.241409	35409	-3.858065	37018	-0.232671	6482	-3.670091	26172
-0.198571	3045	3.127040	79743	-0.198571	2250	-2.721943	1039
0.187636	50895	3.785974	79893	0.187636	35517	3.069131	53237
0.313231	31607	7.177392	170744	0.313231	22326	7.177392	102436
-0.173905	163	3.487572	45356	-0.173905	159	2.150702	103285
0.198715	30885	3.162349	21024	0.198715	21939	3.162349	14503
-0.262217	3543	-4.232643	4712	-0.262217	2503	-4.232643	3191
-0.182838	39895	3.767177	149661	-0.180136	28022	-2.984954	84126
-0.292783	31609	-4.143248	25260	-0.292783	22328	-3.534418	4974
-0.347292	31551	-7.988965	11342	-0.347292	22287	-7.988965	7452
0.216724	15602	-3.400514	155505	0.216724	10489	3.049516	244
0.176728	39362	2.920232	103933	0.176728	27814	2.671436	15368
-0.215820	27938	-3.249409	115867	-0.215820	19625	-3.141878	15982
-0.218746	31549	-3.671845	166573	-0.218746	22285	-3.551454	99559
-0.274123	27823	-3.544851	155156	-0.274123	19547	-2.962799	85880
0.237646	181203	5.032636	177594	0.225845	10711	3.716500	102917
0.369480	21830	5.109641	85758	0.369480	14979	4.866749	47214
-0.207403	35640	2.618785	181591	-0.207403	25227	-2.247200	76696
0.189037	142635	5.045085	149761	0.172052	89462	4.371794	98248
-0.193431	11356	-3.317014	11357	-0.193431	7466	-3.065916	14076
0.223256	2451	-4.162504	79743	0.223256	1804	2.590993	1838
0.197589	79866	4.893621	161205	0.197589	53228	3.128896	98223
0.304308	27707	3.859569	39895	0.304308	19494	3.786369	28260
-0.259934	39942	-2.773935	72612	-0.259934	28201	-2.773935	48798
-0.283644	14017	-4.288503	129529	-0.274907	9242	-4.288503	80476
-0.221022	31228	-3.117005	177849	-0.221022	22100	-2.881152	27894
0.350916	24449	4.704078	7491	0.350916	17044	4.704078	4860
0.317731	31550	4.063993	26899	0.317731	22286	4.063993	19013
0.210283	31550	3.099034	153634	0.210283	22286	3.099034	94108
0.258904	31513	3.971176	149214	0.258904	22251	3.971176	91465
0.185371	24448	3.698624	112907	0.185371	17043	3.092896	15223
-0.180955	32765	-2.871190	5958	-0.180955	23140	-2.871190	3907
-0.197837	160756	-4.241477	170208	-0.171635	81770	-3.282016	105162
-0.187875	35822	-2.885016	174768	-0.187875	25348	-2.885016	104034
-0.253073	31551	5.062249	149761	-0.253073	22287	-2.863633	34284
-0.322664	35347	-3.811569	1445	-0.322664	25056	-3.569714	1722
0.249928	9574	4.777681	155317	0.249928	6316	3.760905	95377
0.212831	38982	4.844709	119079	0.207393	24830	4.374879	100482
0.175055	35510	-3.106362	791	0.175055	25145	-2.373882	4868
0.179524	27526	-3.444154	149661	0.179524	19408	-2.406017	45871
-0.181290	3273	-3.871855	302	-0.181290	2315	-2.649181	5924
-0.280854	31551	-3.822729	302	-0.280854	22287	-3.534989	14534
0.169938	14332	3.544991	16817	0.169938	9470	3.170520	11233
-0.201665	175817	-4.444080	177866	-0.174456	68674	-3.075882	105525
0.193127	27707	-3.239203	132458	0.193127	19494	2.629129	32084
0.262237	7447	3.430295	4331	0.250944	12903	3.221664	3790
0.171164	132096	3.372180	119079	-0.166672	1130	-2.739316	26115
-0.336124	24522	-6.329017	29413	-0.336124	17082	-5.573825	7426
-0.310297	35347	-3.124936	67298	-0.310297	25056	-3.112453	25746
-0.154069	123512	-3.291124	76834	0.143255	10600	-2.437884	15661
0.170678	32788	3.042871	28897	0.170678	23158	3.042871	20336
0.232108	27898	3.261969	24762	0.187364	14906	2.338691	16556
0.164737	45677	5.286224	32882	0.154895	2427	4.124503	23192
0.172598	44725	-5.676692	92009	0.172598	31548	-3.347256	98197
0.262694	8735	4.379720	5153	0.262694	5913	4.379720	3575
0.335058	31608	4.014891	9261	0.335058	22327	3.485839	25305
-0.231085	35701	-4.336444	84085	-0.231085	25263	-3.619918	62857
-0.203203	96364	-2.979626	9276	-0.203203	62850	-2.979626	6061
0.214544	11930	3.091888	19921	0.210609	9416	3.078963	15368
0.176879	181775	3.384408	110860	0.174808	80584	3.355354	100594
0.207262	36091	2.738803	36090	0.207262	25550	2.738803	25549
0.189721	75	-3.617481	123512	0.189721	74	-3.591540	29205
0.255701	4844	-3.753620	149811	0.255701	3319	3.335335	2515
-0.245510	35347	2.753716	155361	-0.245510	25056	-2.743490	10528
0.196281	35640	3.811513	79540	0.196281	25227	-2.814083	41971
0.191002	145832	4.044507	171033	0.182419	89462	2.596436	89462
0.308271	39723	5.665685	168489	0.308271	28026	5.351511	102436
0.175917	23689	3.291303	112873	0.175917	16562	2.222746	32169
0.219986	43249	5.857355	166667	0.217155	33999	4.707110	90993
-0.273477	2448	-4.663021	8840	-0.273477	1801	-4.663021	5979
-0.191520	181649	-3.511874	149661	0.160417	14907	2.448749	19909
0.401816	31551	5.013518	16945	0.401816	22287	5.013518	11351
-0.209058	15602	-3.973006	174990	-0.209058	10489	-2.482326	93193
-0.252814	27708	-4.683178	69528	-0.252814	19495	-4.293811	44567
0.350442	35460	6.024207	17966	0.350442	25109	6.024207	12185
-0.194055	76053	3.473865	284	-0.187011	14929	-2.930382	19061
-0.187583	1258	4.610702	127631	-0.187583	1049	-2.675085	14033
0.362403	27709	5.060857	1446	0.362403	19496	3.935832	31530
-0.190885	1644	2.604802	173024	-0.190885	1304	-2.478872	29188
0.291020	13971	5.042853	1424	0.291020	9236	4.660606	33270
-0.189906	162	-4.354243	146381	-0.189906	158	-3.273343	98223
-0.189759	169463	-4.170723	149102	0.170477	21680	-3.666969	101551
-0.190565	160778	3.435956	71460	0.159968	55767	2.720901	12149
0.214555	11997	3.731662	161157	0.214555	7938	3.161087	8141
-0.249182	31608	-3.776645	107911	-0.249182	22327	-3.476051	50786
0.189434	23740	-4.598924	155317	0.189434	16606	-2.904845	71885
0.172696	181927	3.055390	174754	0.169217	159	-2.662339	8873
-0.216794	44125	-3.833428	79540	-0.216794	31046	-2.811800	104638
-0.167957	7918	-2.919747	28789	-0.167957	5246	-2.919747	20247
-0.226242	180202	-3.882172	176411	-0.203106	4581	-3.651704	101654
-0.280217	24109	-4.264989	126703	-0.280217	16867	-4.261135	7408
0.185944	117309	3.922264	166297	0.174240	2394	3.903822	101551
-0.180134	164890	-5.258069	171078	-0.166914	64901	-3.890457	83074
-0.214082	1390	-3.225049	174990	-0.207157	2250	-2.893503	1134
-0.372232	35518	-4.312246	98505	-0.372232	25149	-3.732584	32268
-0.256473	6375	-3.433299	177849	-0.256473	4290	-3.129194	5309
-0.364298	21675	-4.443619	9296	-0.364298	14906	-4.443619	6076
0.282296	24573	3.525533	124502	0.282296	17114	3.525533	77680
-0.190341	92354	-4.292875	161205	0.173614	11041	3.522779	8899
-0.241122	5286	-4.226079	3336	-0.241122	3666	-3.274315	3686
0.178985	63520	3.091655	111151	0.141383	11186	3.004008	17747
0.244784	35556	3.886436	13410	0.244784	25184	3.886436	8869
0.339000	35460	6.156011	110841	0.339000	25109	5.683507	38017
0.247362	31414	5.015661	83374	0.247362	22199	4.512904	57926
0.232001	31449	4.359740	48360	0.225939	7656	3.777304	6257
0.163886	117309	3.506577	166297	-0.156659	16600	2.990842	101551
-0.187551	16433	-3.542289	28954	-0.187551	10974	-3.200495	23192
0.302841	35293	3.743661	3353	0.302841	25031	3.743661	2327
0.228307	44250	-3.292241	791	0.228307	31159	2.515609	103455
-0.294368	35581	-4.413499	11303	-0.294368	25191	-4.035247	37911
0.185076	65932	3.595952	61762	0.183750	14507	2.660112	22787
-0.189943	158023	-4.233567	172810	-0.178868	4147	-3.968211	104015
-0.170519	176853	-5.976895	161064	-0.163177	5253	-3.101932	91465
-0.216077	181597	-3.262151	149661	0.205556	22327	-2.682659	96791
0.242006	36136	4.049230	36924	0.242006	25586	4.049230	26113
-0.257064	31449	-4.633023	17707	-0.246118	14880	-4.633023	12004
0.288946	1644	4.330815	163523	0.288946	1304	4.330815	99319
0.174412	130692	4.570980	157337	0.172334	106033	3.923155	104993
-0.302922	35517	-3.948302	81530	-0.302922	25148	-3.836334	84331
-0.388018	35556	-5.885825	174069	-0.388018	25184	-5.885825	103648
-0.257667	39761	-4.532168	60304	-0.257667	28059	-4.532168	41505
-0.203135	32068	-3.433463	96527	-0.203135	22665	-2.939883	37841
0.194192	181774	3.350635	19482	0.186815	6452	2.845429	11206
0.175302	84059	-2.666707	9278	-0.163536	179	2.376168	50787
-0.188409	28164	3.829608	63137	0.167116	48342	3.555713	40680
-0.242415	27588	-3.529013	22031	-0.242415	19442	-2.759474	15534
0.207526	444	-2.992144	36263	0.207526	382	2.640497	513
0.197776	11739	3.093566	90543	0.197776	7746	2.710394	39291
0.267110	31228	-3.852203	149661	0.267110	22100	3.422015	13909
0.168796	21634	3.601543	93401	0.168618	14909	-2.602629	95377
0.196728	31550	5.089900	127631	0.196728	22286	2.969728	74966
0.166827	6337	3.921184	9296	0.166827	4253	3.921184	6076
0.217393	1500	3.211165	181244	0.217393	1172	3.081012	62850
0.269081	27708	4.202543	26991	0.269081	19495	4.202543	19091
-0.208997	16356	-3.956791	5868	-0.208997	10924	-3.045286	50781
0.189381	1818	4.192478	1459	0.189381	1461	3.178512	84432
0.185007	15745	-3.154899	79743	0.185007	10555	2.373629	31983
-0.172281	166087	-4.226815	166087	-0.170743	28160	-3.813917	101506
-0.198659	16016	-2.952037	138636	-0.198659	10711	-2.751418	105164
-0.208054	119449	-5.305020	166294	-0.179588	7780	-3.408051	99517
0.171045	76603	4.435469	35953	0.169572	41727	4.435469	25438
0.266981	43894	4.656576	177849	0.266981	30863	3.892446	101482
-0.272422	27999	-4.711526	17275	-0.272422	19666	-4.711526	11681
-0.189496	6198	-3.731048	58668	-0.189496	4119	-3.731048	40571
0.163938	1389	3.831066	149661	0.163938	1134	-2.770027	35162
0.194225	4495	3.757112	17761	0.194225	2994	3.757112	12044
-0.217529	8735	-3.125559	119692	-0.217529	5913	-3.125559	75023
0.313794	31608	5.669493	34003	0.313794	22327	5.669493	24206
-0.232633	163	-3.325428	146062	-0.232633	159	-3.325428	89595
-0.179124	136215	-3.680104	176582	-0.169518	105164	-3.680104	104701
-0.189060	25318	3.925528	79540	-0.189060	17620	-2.513435	17619
-0.227230	181611	-3.379678	180156	-0.206829	105823	-3.140745	89562
0.217031	22265	3.590157	174423	0.217031	15301	3.423803	7062
0.308841	35409	3.295222	58829	0.302216	22199	3.295222	40653
-0.162215	3355	-3.007127	174688	-0.162215	2329	-3.007127	104011
0.240753	21675	3.954633	92491	0.240753	14906	2.543235	8900
0.199851	46347	2.798386	46347	0.199851	32572	2.798386	32572
0.311905	31228	4.214703	1522	0.311905	22100	4.214703	1194
0.198991	39880	2.635941	140109	0.198991	28155	2.380008	76696
-0.186829	22070	-3.256400	87780	0.186128	17044	-3.256400	58024
0.221341	31629	2.730168	34379	0.221341	22330	2.712547	24490
-0.177971	100188	-2.667472	45682	-0.177971	64900	-2.518954	32193
-0.220680	31318	-3.688470	129746	-0.220680	22156	-2.849260	29196
0.201599	2376	-3.323080	172810	0.176980	17135	2.953125	14033
-0.219514	39723	-4.854145	127631	-0.219514	28026	-2.846632	103702
-0.192006	31215	-3.499667	17940	-0.156757	8782	-3.357837	18560
-0.180596	32106	3.167596	143452	-0.180596	22698	-2.569250	16554
0.268347	35619	3.932291	42166	0.267506	25056	3.821814	10546
0.215738	50108	-4.636821	146639	0.215738	35123	3.784726	35149
-0.188034	14086	2.673344	181566	-0.188034	9289	2.271386	89125
-0.240866	4501	-3.874259	149661	-0.240866	2999	-3.125583	123
-0.251645	31607	-3.367616	58383	-0.251645	22326	-3.104309	40337
0.219799	27708	3.463282	102419	0.219799	19495	3.014772	6068
-0.248427	175817	-5.221632	166027	-0.233243	25184	-3.816482	104823
0.259679	44086	5.382327	161063	0.259679	31014	4.083714	100683
-0.220477	76091	-3.815732	32695	-0.214254	4991	-3.815732	23099
-0.258686	31448	-3.987684	3304	-0.258686	22222	-3.642555	41957
-0.173005	35460	3.533544	149661	-0.173005	25109	2.442770	89826
0.287684	24512	3.523726	69528	0.287684	17076	3.263650	97335
0.233704	356	3.424697	166251	0.233704	298	3.110358	10292
-0.175924	18736	-4.893532	79743	-0.148012	37962	-3.866410	37962
-0.204907	160756	-3.398617	177832	0.152288	25378	-2.669128	99309
-0.271121	31569	-4.696674	107911	-0.271121	22289	-3.777841	8875
-0.459773	35518	-7.439046	114110	-0.459773	25149	-6.334065	29201
-0.185689	21716	-3.483226	79852	-0.185689	14929	-3.412743	50786
-0.176905	18229	3.595380	122147	-0.176905	12387	2.377747	23211
-0.260223	39819	-2.752107	42873	-0.256482	22326	-2.752107	30325
-0.340099	31550	-4.895415	103946	-0.340099	22286	-3.898602	62857
0.271213	31322	3.457390	24461	0.209230	4079	3.034201	91993
0.185007	9566	2.768691	32937	0.185007	6308	2.460581	76919
0.227982	48840	3.163297	93401	0.227982	34338	3.087479	44523
-0.159953	16395	2.752565	36752	-0.159953	10950	2.752565	26010
0.217995	23795	3.428367	791	0.217995	16656	3.002088	5005
0.185185	35460	3.801630	171216	0.185185	25109	3.275292	94524
-0.200439	158023	-4.178890	166089	-0.193242	19547	-3.625809	15937
0.167203	72713	3.425807	140217	0.167203	48861	2.748152	26177
0.234078	181840	5.145116	171123	0.207854	89462	4.120829	99497
-0.208616	27785	-3.036966	91688	-0.208616	19533	-2.190263	25422
-0.301642	35518	-4.243668	24627	-0.301642	25149	-3.533910	18129
0.177071	62124	-5.233451	171078	0.175367	2426	-3.235951	82702
-0.254655	31320	-4.000260	15407	-0.220253	7574	-3.280338	6140
-0.239698	7466	-3.384337	5863	-0.224717	19168	-3.294110	10366
0.236021	35196	3.460232	791	0.236021	24981	3.206160	86208
0.254292	35459	-3.882020	174686	0.254292	25108	-3.102062	105532
-0.204238	6335	-3.690266	123563	-0.204238	4251	-3.445164	84110
0.265815	24468	4.434824	68965	0.265815	17049	3.334558	10549
-0.183078	7856	-3.994557	79743	-0.183078	5193	-3.320484	15297
-0.258857	31281	-4.416519	125793	-0.258857	22131	-4.335003	80092
-0.175928	873	-2.748859	181552	-0.175928	736	2.633727	100594
-0.217851	27983	3.104773	181495	-0.217851	19663	2.934687	106034
-0.262006	21675	4.050649	79743	-0.262006	14906	-2.875916	14224
-0.184091	181644	-2.895272	175898	-0.163996	37035	-2.510718	104349
-0.273295	27982	-3.622283	63268	-0.273295	19662	-3.292979	14457
-0.193463	174023	-3.854688	115966	-0.172390	19519	-3.322134	38017
0.233351	35460	5.553087	176384	0.233351	25109	4.473090	104017
-0.375370	31550	-6.107337	132927	-0.375370	22286	-5.516718	7487
-0.295113	24522	-5.488874	156847	-0.295113	17082	-4.191929	104824
0.189437	254	3.366120	149661	0.189437	238	2.520466	238
-0.169590	31409	2.952466	161063	-0.161793	34283	-2.426207	22690
0.240574	103879	4.546436	174707	0.240574	66842	4.546436	104014
-0.194960	18747	-3.411865	161739	-0.194960	12707	-3.257424	70195
0.237179	107007	5.220687	92009	0.236383	9186	3.320261	21585
0.169157	139001	5.066203	166295	0.169157	85588	3.663936	85588
-0.246407	181903	-4.321030	181520	-0.238498	4129	-3.632077	106051
-0.225614	3342	-3.366757	45613	-0.225614	2317	-3.366757	32138
0.194713	25270	-4.325606	179194	0.194595	17630	3.511379	15318
-0.204519	126586	-4.142882	155317	-0.188498	70279	-3.730932	70195
0.270171	24573	4.833130	28899	0.270171	17114	4.833130	20338
0.188954	16756	3.529982	781	0.184912	159	2.672728	87765
0.186022	16716	3.734490	79743	0.169233	19496	2.625727	8873
0.224758	163	4.519185	58867	0.224758	159	4.519185	40680
0.220577	43894	3.270959	122147	0.220577	30863	-2.515186	26115
0.210846	181840	3.659454	108062	0.207888	1807	3.007520	101551
0.176519	41038	3.178867	161110	0.176519	28994	3.003081	26028
-0.188886	160817	-5.462471	149761	0.179901	21941	-2.949240	50787
-0.171168	4474	-2.580586	71520	-0.151314	2228	-2.580586	48343
-0.152027	39633	-2.182471	39580	-0.138770	4290	1.987427	19061
-0.272451	35460	-4.602260	75655	-0.272451	25109	-4.602260	50764
0.244060	92614	4.120037	60588	0.231409	10897	4.034425	35986
-0.187035	3128	-3.435064	67337	-0.187035	2282	-3.435064	45870
0.262995	27984	-4.018687	174697	0.262995	19664	-4.018687	104012
0.178838	44145	3.613016	166251	0.178838	31066	3.429675	105535
-0.203470	31449	-3.976520	1459	-0.197826	16753	-3.519149	8879
-0.227140	3293	-4.424060	156180	-0.216026	4288	-3.637112	94956
0.236833	23688	3.221904	26844	0.236833	16561	3.221904	18962
0.237689	175817	3.779640	149661	0.205110	10711	3.103848	105525
-0.224118	31550	-3.083664	112092	-0.224118	22286	2.660897	26170
-0.176619	88214	3.632562	149661	-0.176619	58270	2.593214	91954
0.184631	108	-3.578246	7486	0.184631	106	-3.578246	4855
0.259539	35576	-4.043986	166294	0.252788	17081	2.988450	8900
-0.293744	16474	-5.478343	9287	-0.293744	10997	-5.478343	6067
0.402412	27709	6.430461	39215	0.402412	19496	6.216718	24783
-0.287655	31608	-4.967829	161019	-0.287655	22327	-4.397766	165
-0.215790	146666	-4.789700	170804	-0.215790	89973	-4.391060	26240
-0.230852	31607	-3.129720	142757	-0.230852	22326	-2.349819	43640
0.186931	18951	4.320498	13507	0.184513	8141	3.691380	19066
-0.283313	35576	-4.395850	41830	-0.281056	17081	-4.225281	15342
0.281120	35576	5.972799	171169	0.259299	25147	4.766389	89100
0.234786	11930	4.077023	19302	0.197334	5243	3.856136	44380
-0.175939	24404	3.201052	8927	-0.175939	17015	2.477152	4788
0.321167	39723	3.494839	149062	0.321167	28026	2.991315	103701
0.261592	4585	4.360076	28265	0.261592	3082	4.360076	19850
-0.168272	139419	-2.783086	129761	0.152279	22370	-2.594755	104035
-0.391882	31550	-6.003285	39860	-0.391882	22286	-5.943715	26675
0.252792	44086	4.817381	127631	0.252792	31014	3.102679	104022
0.220125	31511	2.953312	57898	0.211568	22286	-2.360869	105532
-0.199034	39721	3.479395	155608	-0.199034	28024	3.082805	89800
-0.223952	44063	-3.427790	152067	-0.223952	30991	-2.500136	82911
-0.202625	6037	-3.561880	16112	-0.202625	3978	-3.114044	17402
0.199734	11912	4.264636	93401	0.177291	23532	2.809593	23532
0.273835	31551	4.371117	13440	0.273835	22287	4.371117	8875
-0.186964	103879	-3.444699	161989	-0.186964	66842	2.892570	23191
-0.210498	4808	-3.340211	179193	-0.210498	3285	-3.335463	20371
-0.180113	84405	-3.783860	32882	-0.162153	30135	-3.653688	23192
-0.240274	35196	2.741585	119223	-0.240274	24981	-2.396869	44367
-0.305326	21636	-3.876527	25260	-0.305326	14880	-3.307409	10567
-0.333919	35640	-4.107186	221	-0.333919	25227	-3.884590	2231
0.187843	107007	3.736021	142759	-0.175295	19494	3.058849	103219
0.206344	25332	3.572274	108689	0.206344	17633	2.566504	17633
-0.227940	871	-3.890153	7082	-0.227940	734	-3.641171	4770
-0.370889	31449	-7.179699	19602	-0.359868	25109	-7.179699	13275
0.244350	44124	3.801552	79126	0.244350	31045	3.486521	26048
0.212756	35497	3.279457	22282	0.212756	25140	3.279457	15318
0.189801	21627	-3.612980	149661	0.189801	14877	2.823291	23793
-0.348043	19072	-4.985662	180116	-0.348043	12906	-4.085525	104701
0.381961	27937	6.294918	104250	0.381961	19624	5.908305	23193
-0.340025	31551	-4.041375	9351	-0.340025	22287	-4.041375	6130
-0.229798	7447	4.473363	149761	-0.199140	2960	-2.954673	2960
-0.202507	158023	-4.995036	176436	-0.191886	828	-4.366771	105171
0.249892	181921	4.195836	181921	0.228080	64891	4.024310	106050
0.207234	1636	4.047241	1460	0.206968	23174	3.206240	37999
-0.164558	116148	3.906935	79743	-0.152529	9416	-2.485341	66857
0.279641	35460	4.087276	29264	0.279641	25109	3.529085	43315
-0.267602	161	-4.172307	90001	-0.267602	157	-3.885670	157
0.191597	35639	2.781263	22341	0.186359	25263	2.525255	17723
-0.252549	31228	3.759189	149661	-0.252549	22100	-2.912921	18908
-0.188452	120423	-4.695501	119079	-0.163614	73766	-3.244584	35183
0.193773	1321	4.972994	155317	0.189048	608	2.970389	66620
-0.189910	155129	3.248015	149084	-0.173984	33905	-2.950060	102423
0.299313	24804	4.816505	9474	0.299313	17231	4.816505	6240
0.203908	27709	3.453667	45762	0.203908	19496	3.160618	40706
-0.243454	27708	-3.961682	122021	-0.243454	19495	-3.947674	40633
0.448481	27708	6.781646	80583	0.448481	19495	6.125221	17683
0.205026	4681	3.890170	50142	0.205026	3163	3.890170	35155
-0.191387	123522	-4.245704	99498	-0.180740	28016	2.644268	72955
-0.287233	27709	-3.625145	47695	-0.287233	19496	-3.596893	30479
0.314721	35556	3.554517	46086	0.314721	25184	3.514136	27120
-0.156204	11321	-3.046886	791	-0.156204	7436	-2.255116	7436
0.192750	4338	3.901077	17889	0.187648	2953	3.589875	12098
0.170679	340	-3.556789	126951	0.170679	282	2.761408	15318
-0.195082	145021	-3.863262	122857	-0.192746	22131	-3.503268	87119
-0.242128	24521	-4.973689	39859	-0.242128	17081	-3.807387	22307
0.290396	31550	4.186992	128634	0.290396	22286	3.401807	80117
0.215622	21248	3.626796	3318	0.212252	22443	3.124363	26015
0.373906	31569	5.201981	28973	0.373906	22289	5.149563	23201
0.187119	16513	-3.004796	156180	0.187119	11018	2.581586	23392
0.196595	16474	-3.498339	179960	0.196595	10997	-3.219794	104293
0.231941	31607	-3.164256	173106	0.231941	22326	2.768844	18618
-0.204774	14086	-3.195324	9495	-0.204774	9289	-3.195324	6257
0.198519	13972	4.457338	9286	0.198519	9237	4.457338	6066
0.303492	35556	4.177945	78652	0.303492	25184	3.698614	70306
-0.382849	35498	-4.890509	11311	-0.382849	25141	-4.890509	7426
-0.198301	4501	-3.360370	9305	-0.198301	2999	-3.360370	6085
-0.255639	18389	3.683723	155505	-0.255639	12483	-3.631435	16748
-0.270424	35460	-3.842604	15495	-0.270424	25109	-3.699825	8937
-0.220082	35518	-3.191075	173024	-0.220082	25149	3.004898	22730
-0.255589	9602	-4.221764	26030	-0.255589	6334	-3.802044	12360
-0.205812	3804	-5.880108	161063	-0.205812	2714	-3.884664	95112
0.179695	24762	-3.637997	171078	-0.173849	1342	-2.974920	100483
0.208752	44063	5.177724	161157	0.208752	30991	4.316570	98198
0.192141	160778	3.772280	157566	0.169901	106076	3.135714	101137
0.271298	71983	5.034002	162505	0.253810	22286	4.783463	101137
0.183021	170076	3.088821	170121	0.183021	102040	3.088821	102070
-0.277323	31228	-3.701238	16243	-0.277323	22100	-3.544635	15223
0.174855	31509	3.258865	22296	0.170718	15333	3.258865	15332
-0.222761	27709	3.791813	79743	-0.222761	19496	3.661775	75388
-0.286019	31463	-5.149715	19490	-0.276502	22199	-4.724820	101551
0.235353	24108	3.604633	105825	0.235353	16866	3.203802	54198
0.211733	181772	4.720324	166252	0.194463	106051	3.728824	106050
0.159594	123522	3.116551	125220	-0.150403	14596	2.715500	101107
-0.430551	35518	-5.531272	181452	-0.430551	25149	-5.051683	41352
0.273437	16352	3.747592	11266	0.273437	10920	3.403361	58258
-0.176821	84083	-3.091451	163545	-0.174325	391	-3.061223	26154
0.194933	155099	4.498224	155317	-0.187327	17081	4.072285	93438
-0.173980	39721	-2.936117	126660	-0.173980	28024	2.893394	10243
0.213952	19469	3.671955	96527	0.199666	34387	3.218862	15375
-0.248860	67484	-4.053167	58414	-0.232479	31012	-3.319269	44037
0.226806	4481	3.012998	171078	0.226806	2980	2.811910	40656
-0.191247	32810	4.126747	79540	-0.191247	23174	-2.726804	23174
-0.233691	79880	-3.503946	28915	-0.225515	15016	-3.371313	48353
0.174638	6375	3.546950	119223	0.174638	4290	2.421576	15404
0.191240	4886	2.621403	150589	0.191240	3359	-2.576310	18961
0.213189	6210	3.990384	174728	0.213189	4129	3.990384	104021
0.260688	31609	-4.127531	161206	0.260688	22328	2.779132	10555
0.202760	340	3.012521	22282	0.202760	282	3.012521	15318
-0.218031	35498	-3.922258	79743	-0.218031	25141	2.458660	104035
-0.202707	21677	3.583438	122147	-0.202707	14908	-2.788289	8872
-0.262826	39781	-3.944076	36756	-0.262826	28071	-3.944076	26014
-0.205361	1044	-4.306206	173107	-0.205361	887	-2.939253	70195
0.253611	9816	4.224668	32840	0.253611	6517	3.549806	6518
0.243295	6147	4.025243	3317	0.243295	4079	3.232127	241
-0.210948	35701	2.905856	170121	-0.210948	25263	2.905856	102070
-0.328536	31511	-4.011967	31511	-0.313890	17076	-3.825147	32572
0.254379	28849	3.945140	28849	0.254379	20295	3.945140	20295
-0.309284	35460	-5.212153	14301	-0.309284	25109	-4.800275	9442
0.282241	181797	5.249614	181955	0.257249	106044	4.404072	106044
-0.273857	80259	-4.315339	179167	-0.198713	82367	-3.614250	101501
-0.236740	35762	3.512865	25469	-0.236740	25305	3.261307	20372
0.200317	175817	-3.095390	79540	0.179830	19767	3.064774	35934
0.184599	19427	-3.893067	140109	-0.171845	30942	-3.720938	99453
-0.185880	3957	-4.162246	173107	-0.185880	2823	-3.332760	82204
0.234609	31550	4.292935	119606	0.234609	22286	4.292935	74966
-0.206463	36092	-3.825781	36808	-0.206463	25551	-3.168873	25462
0.242523	3348	5.289874	5873	0.242523	2323	5.289874	3825
-0.290789	31551	3.798644	155317	-0.290789	22287	-2.958856	8871
-0.177213	31367	-2.495443	93988	-0.153016	27946	-2.095973	58087
0.171441	131805	4.024922	171881	0.152769	1775	2.910096	101551
0.165002	6979	-3.881754	93401	0.165002	4732	2.836383	8882
0.225380	35460	3.808285	21515	0.225380	25109	3.623116	7452
-0.259375	26972	-3.402135	11136	-0.259375	19077	-2.994140	16647
0.305181	67909	4.936432	41991	0.305175	14841	4.357615	29501
-0.205790	4481	-2.936916	25450	-0.205790	2980	-2.936916	17744
0.255165	41324	4.830762	41324	0.239001	17114	3.953202	26161
0.180496	18792	-3.840826	149301	0.162757	10711	2.281925	8911
-0.253823	21920	-4.170913	5801	-0.253823	15046	-3.118998	16372
-0.219783	35701	-3.465135	54552	-0.219783	25263	-3.465135	37985
-0.272475	35556	-4.440228	119079	-0.272475	25184	-3.843759	6100
-0.251811	48894	-3.582300	35628	-0.251811	34387	-3.366423	11395
-0.207970	24513	4.026008	155317	-0.207970	17077	3.569250	91681
-0.203155	6979	-3.463469	166210	-0.203155	4732	-2.981938	105103
-0.164248	187	-3.422447	149661	-0.164248	182	-2.436984	95377
0.206104	11739	-3.154951	152139	0.206104	7746	-3.114982	74966
-0.209345	31320	-4.046619	171881	-0.209342	3274	-3.264128	4915
-0.181853	162222	-3.441374	176383	-0.177763	5590	-2.914090	105164
-0.200939	3143	-2.831440	105272	-0.175426	2964	-2.419652	2295
0.247207	31607	4.071714	79540	0.247207	22326	2.266454	12134
0.211292	9455	5.125305	149761	0.211292	6225	3.443903	6066
-0.217431	8735	-3.796783	781	-0.217431	5913	-2.605143	66651
-0.218038	172244	-5.092291	170121	-0.218038	102916	-5.092291	102070
0.299507	31550	3.647195	48806	0.299507	22286	3.598420	4975
0.395481	31551	5.813021	4248	0.395481	22287	5.571251	10059
-0.180314	871	-5.277095	119606	-0.180314	734	-5.277095	74966
0.176282	35427	3.091320	60588	-0.152469	92597	-2.074366	92625
-0.223230	26910	4.503251	177898	-0.223230	19022	3.667617	94955
0.209259	11804	3.022892	31344	0.209259	7793	2.533444	15661
0.180910	131805	4.687179	173107	0.172236	70279	2.965274	102433
-0.155233	32063	2.533277	167844	-0.155233	22663	2.522641	83597
-0.237435	19318	2.673965	181249	-0.220508	12906	-2.223304	13106
0.238485	28190	4.020877	166044	0.238485	19799	3.578645	33364
0.238720	31608	4.087307	119567	0.238720	22327	4.067051	4855
0.189657	34752	-3.998756	174991	0.189657	24771	-3.238987	104035
0.200999	27984	-2.634971	16658	0.200999	19664	-2.606364	16343
0.207962	177883	3.735867	179135	0.196365	105164	3.385752	105164
0.285115	24522	5.211284	118907	0.285115	17082	4.913174	60625
0.181817	5757	4.360183	79743	0.170912	40660	3.694130	40660
-0.181155	136216	3.358133	149661	-0.170280	72066	-3.053402	100553
0.165004	144389	4.688128	149711	0.158351	7333	3.131752	91810
0.251336	35498	-3.637420	166210	0.251336	25141	2.859365	8898
-0.223590	5844	-3.232546	5844	-0.209235	7530	-3.193382	56689
-0.193246	2524	3.916068	162748	-0.191881	1591	-2.360038	1591
-0.188315	27982	2.615527	284	-0.188315	19662	-2.575171	13909
-0.180458	31606	-3.644936	125220	-0.180458	22325	-2.436969	92686
-0.205672	35800	-4.096868	69754	-0.205672	25331	-3.447193	15375
0.219917	107669	3.823312	113507	0.214493	22095	3.174868	82373
0.291030	35196	4.002182	181732	0.291030	24981	3.320336	105997
0.369670	35576	5.429526	9438	0.361888	25141	5.429526	6212
-0.373671	27709	5.116564	161206	-0.373671	19496	-3.937166	8872
0.313171	31608	3.872044	89460	0.313171	22327	3.723561	23392
-0.174338	2398	-2.593772	28842	-0.174338	1751	-2.593772	20291
-0.260257	24448	-3.749108	126661	-0.260257	17043	-3.396047	50786
0.310626	44025	3.542679	12737	0.310626	30959	3.542679	8583
0.220987	44209	-3.160546	170376	0.220987	31123	-2.513076	105531
-0.259118	32058	-3.724333	28523	-0.259118	22659	-3.724333	20060
0.233952	21675	4.022090	31506	0.233952	14906	3.667126	20312
0.210045	16552	3.595770	19075	0.210045	11040	3.595770	12909
0.182176	3089	-2.989586	119079	0.182176	2271	2.284374	2271
0.269882	31367	3.546960	74734	0.268264	22328	3.165448	60150
0.175125	28356	-3.313481	149661	0.175125	19924	2.553824	15373
-0.359346	31267	-4.955432	68698	-0.359346	22127	-3.861769	50786
0.221498	35396	2.757860	38972	0.221498	25080	2.361587	37259
0.252914	27693	5.179040	45573	0.252914	19492	5.179040	32111
0.186178	31610	-3.132471	150916	0.176980	14393	-3.115268	26177
0.289296	31551	3.536643	13317	0.289296	22287	3.037714	8861
-0.250008	39559	-4.922086	160889	-0.247031	5913	-4.922086	98064
0.192913	160756	3.519520	174911	0.171809	81665	3.044575	105163
0.176112	28042	3.424075	158165	0.174780	2324	2.752474	96675
0.328771	35460	4.839026	25072	0.328771	25109	4.839026	17433
-0.216876	31508	-3.385848	7242	-0.186670	24771	-3.385848	4832
-0.193729	27588	2.610324	136227	-0.193729	19442	2.272070	4867
-0.274323	24513	3.534134	168467	-0.274323	17077	3.520588	103273
-0.194601	10918	-3.013531	107319	-0.194601	7333	-2.922652	75362
-0.326163	24513	-5.389111	28709	-0.326163	17077	-4.932793	25985
-0.230501	8629	-4.810498	7040	-0.230501	5836	-4.810498	4771
-0.244488	7466	-3.770222	4476	-0.166968	10941	-2.882531	35154
-0.205027	180180	-3.160805	174232	-0.193594	2394	-2.916059	103262
0.213065	4512	3.556013	125032	0.213065	3009	3.123674	3864
-0.236152	181904	-5.306966	155136	-0.205265	106051	-3.835624	106051
-0.288384	35518	-3.786578	18849	-0.288384	25149	-3.592567	6069
-0.246525	3500	-3.922625	71652	-0.246525	2464	-3.301805	3191
0.205071	11949	4.000985	12987	0.205071	7892	2.924865	7171
-0.244068	162	-3.810349	181808	-0.244068	158	-3.067725	650
-0.190216	3501	-3.540045	166138	-0.190216	2465	-3.230428	100530
-0.260365	2421	3.598022	149661	-0.260365	1774	-3.356884	1774
0.295284	30490	4.997383	79320	0.295284	21680	3.788884	19983
0.366855	35517	3.652862	122775	0.366855	25148	3.652862	76696
-0.199472	181598	3.518095	79320	0.186156	14963	-2.812348	105158
0.308350	28687	4.788754	13446	0.308350	20178	4.634149	15318
0.215865	3045	3.530453	181572	0.215865	2250	2.805722	103235
-0.213903	27999	-3.445538	13463	-0.213903	19666	-3.445538	8897
0.198969	139328	4.175633	136018	0.185132	91222	3.840022	93060
0.183720	9948	4.444737	171123	0.183720	6644	3.576974	40571
-0.262206	1678	-4.593008	283	-0.262206	1338	-3.845595	244
0.177142	131725	5.239684	166294	0.177142	81665	3.260379	86419
-0.174860	25330	3.301852	149301	-0.174860	17631	-2.823282	24495
0.263158	31549	4.012538	6044	0.263158	22285	4.012538	3985
-0.331787	27708	-4.436056	109825	-0.331787	19495	-4.210765	15297
0.182710	48594	3.906853	28953	0.182710	34119	3.262385	6079
-0.281337	31607	-4.160517	91547	-0.281337	22326	-3.198503	62858
0.281970	31549	5.747702	11311	0.281970	22285	5.747702	7426
-0.336788	35498	-4.150370	28913	-0.336788	25141	-3.850177	35475
-0.276477	31669	-4.436954	11311	-0.276477	22368	-4.436954	7426
-0.223968	44025	4.248664	63106	-0.223968	30959	3.864577	40682
0.193847	31551	2.925768	126660	0.193847	22287	-2.794791	19937
-0.212040	3498	4.132555	149301	-0.212040	2462	-2.817509	1038
-0.176549	27982	-3.118539	9295	-0.176549	19662	-3.118539	6075
-0.191555	35358	5.071924	155317	0.169757	5655	4.130120	98224
-0.173886	181611	-4.423735	166294	0.173353	9214	-2.846713	99453
-0.198634	43965	-4.066460	166138	-0.197177	22327	-3.711740	102436
0.166440	10830	5.324524	166294	0.166440	7303	2.589844	13275
-0.228288	14153	-4.065973	26616	-0.228288	9324	-4.065973	18738
-0.227399	31563	-3.572295	31562	-0.209239	22288	-3.374143	22288
0.245802	104072	4.175948	104072	0.237306	10970	3.413945	17433
-0.197499	27984	3.317253	168503	-0.197499	19664	2.983837	44523
0.239860	2483	-4.153858	149711	0.239860	1836	3.817032	3825
-0.167881	49305	2.872805	181080	-0.167881	34689	-2.585787	34689
-0.373970	35460	-5.032854	17597	-0.373970	25109	-4.630766	11966
0.214527	48840	3.217173	17487	0.214527	34338	2.741149	37998
-0.326134	24573	-6.534728	53830	-0.326134	17114	-3.765380	40302
0.272895	28039	3.783643	71569	0.272895	19702	3.783643	48353
0.180332	3055	3.590906	166294	0.180332	2259	-3.109493	8872
0.212289	4850	2.801535	179133	0.212289	3324	-2.545064	50642
-0.297957	31608	-4.200720	116039	-0.297957	22327	-3.888297	7451
-0.260308	31549	-4.928954	9319	-0.260308	22285	-4.928954	6099
0.283507	7842	5.007878	15637	0.283507	5183	5.007878	10508
-0.282789	24803	-3.943470	580	-0.282789	17230	-3.943470	514
0.279514	35557	4.146661	181955	0.279514	25185	3.476430	75023
0.244733	142607	3.491086	139419	-0.199172	14910	2.780076	105163
0.233178	11933	3.378259	5931	0.233178	7884	3.378259	3881
-0.205306	18389	3.821418	125220	-0.205306	12483	-2.846029	19350
0.215712	18899	4.061252	23064	0.215712	12811	4.061252	15982
-0.248290	160756	-4.518454	160779	-0.230567	4079	-3.825746	99309
0.184539	2450	3.160646	180979	0.184539	1803	2.941314	104009
-0.285375	24564	-5.192648	22314	-0.285375	17111	-5.192648	15350
0.208517	76053	-4.550011	155317	0.172889	29541	-3.213126	96849
-0.208995	160756	-2.927861	181949	-0.166558	5171	-2.502111	30883
-0.384889	31550	-4.157903	18277	-0.384889	22286	-4.157903	12416
-0.242628	180997	-4.363027	180200	-0.215196	98879	-3.837383	105551
0.213768	22070	3.685259	25014	0.182940	157	2.651259	98178
-0.173821	80219	-4.769681	32881	-0.157035	19624	-4.167454	23192
0.224917	24767	4.288253	11342	0.224917	17203	4.288253	7452
-0.153809	62678	-2.707579	109752	-0.150126	13183	-2.438907	15359
-0.250905	8083	-3.886242	50142	-0.250905	5409	-3.886242	35155
0.198624	181931	3.266087	181561	-0.160212	17044	2.945236	106040
-0.216638	24512	-3.457455	32126	-0.216638	17076	-3.113416	29191
0.189876	35639	-4.656970	166294	0.185357	25148	2.296115	19063
-0.181936	27588	3.689522	158206	-0.181936	19442	2.701387	95082
0.232673	25318	3.710577	22283	0.232673	17620	3.710577	15319
-0.171248	6126	-3.363276	32881	-0.171248	4061	-3.221095	23192
0.259004	8334	3.665369	10297	0.259004	5629	3.665369	6965
-0.206614	32810	-3.395351	41324	-0.206614	23174	-3.365809	15367
0.216878	48894	3.887596	58830	0.216878	34387	3.887596	40654
-0.230293	28649	-2.904720	13404	-0.230293	20152	-2.904720	8863
0.242013	28687	3.071677	22265	0.242013	20178	3.071677	15301
0.205186	31365	4.243756	37065	0.203802	19494	4.062135	26191
0.294321	31322	3.722833	13446	0.256873	22199	3.549346	8787
-0.245428	186	3.691488	79743	-0.245428	181	-3.618417	103457
0.228030	27527	2.859851	121758	0.228030	19409	2.630552	48798
-0.252985	4494	-5.043627	5917	-0.252985	2993	-5.043627	3867
-0.219189	3499	3.906425	79743	-0.219189	2463	-2.833712	11206
0.168329	6147	-3.220233	122147	0.168329	4079	2.953016	43363
-0.201998	7479	-3.294302	87781	-0.176547	10668	-2.701744	106077
0.256876	67909	4.000211	40191	0.248478	22659	3.769385	25595
-0.224164	142607	4.226997	48360	0.170459	19662	-3.344861	106050
-0.233491	35517	-4.539223	174682	-0.233491	25148	-3.285362	102917
0.259560	31607	3.292938	75379	0.259560	22326	2.392234	6101
-0.281104	35517	-4.751903	173237	-0.281104	25148	-4.694993	90508
0.277881	35518	4.917213	41370	0.277881	25149	4.299106	20357
0.280452	24573	3.973367	11483	0.280452	17114	3.973367	7580
-0.243265	31607	2.694458	170758	-0.243265	22326	2.653896	40656
0.223930	21676	4.447611	55742	0.223930	14907	3.691252	40681
0.214402	3631	3.478604	180307	0.214402	2579	3.359717	83597
-0.283627	39723	3.131112	58830	-0.283627	28026	3.131112	40654
-0.222634	175817	-4.285095	155556	0.167288	9324	-3.188687	91465
-0.193562	39761	-4.902344	119606	-0.193562	28059	-4.902344	74966
-0.177478	17816	-3.544688	1459	-0.177478	12082	-2.650296	48297
0.165982	6979	4.558950	161109	0.165982	4732	2.700172	91465
-0.212934	21716	-2.990309	26258	-0.212934	14929	-2.990309	18393
-0.185612	24762	3.472094	79743	-0.167923	159	-2.575376	11966
0.197574	3460	-2.892285	26955	0.197574	2426	-2.892285	19060
-0.226097	35556	-3.584349	93668	-0.226097	25184	-3.291645	86417
-0.225535	4486	-4.893616	5873	-0.225535	2985	-4.893616	3825
0.260059	27462	3.765667	124861	0.260059	19372	3.631660	74505
0.206743	181627	3.161097	163350	0.175280	73766	2.689053	100475
-0.202628	24450	3.373870	284	-0.202628	17045	-3.109107	17751
0.292503	16474	3.969571	32163	0.292503	10997	3.969571	22750
-0.184785	23853	-2.984588	32612	-0.184785	16705	-2.782524	25993
0.176823	181820	-4.370743	89281	-0.162410	78883	-3.400975	78883
-0.254526	16390	-3.474911	752	-0.254526	10945	-3.276187	75895
0.199801	36033	-4.105515	161108	0.199801	25503	-3.165653	60494
0.184240	23578	3.222951	22282	0.184240	16459	3.222951	15318
-0.260040	181920	-5.087564	17176	-0.257583	1169	-5.087564	11582
-0.202300	23581	-3.775754	36114	-0.202300	16462	-3.626800	40658
-0.217696	126642	-4.297400	166052	-0.175834	98879	-3.979256	43366
0.270024	13884	4.884195	180174	0.270024	9184	4.289948	101107
-0.172943	18274	3.576390	103106	-0.172943	12413	-2.762715	32818
0.175866	152181	5.789661	161019	0.154405	102434	4.374435	99433
0.196188	6373	-4.347427	13490	0.196188	4288	-4.347427	8899
0.206929	36142	3.739715	54551	0.206929	25592	3.739715	37984
0.214175	141459	3.593320	141459	0.211416	3850	3.076183	3833
0.188172	181009	3.060658	181553	0.176658	105987	2.931145	102444
0.163011	35293	-2.353570	181517	0.163011	25031	2.338397	20146
0.260617	21675	3.487935	19684	0.260617	14906	3.422193	20348
-0.178260	160756	-3.841555	140109	0.165832	2465	-2.072569	6066
0.226723	3501	2.865409	158165	0.226723	2465	2.531860	1836
-0.216441	40003	-3.686690	67332	-0.216441	28250	-3.345624	45872
-0.197350	9927	-2.336737	177967	-0.197350	6623	-2.269539	6623
0.232672	27822	-3.171332	150967	0.225943	19566	3.171003	16738
-0.163775	91658	3.005106	140109	-0.146061	17595	-2.254640	57926
-0.230964	1913	-3.415468	166294	-0.230964	1531	-2.716140	916
0.352308	31551	3.759153	21719	0.352308	22287	3.201971	31273
-0.177407	24804	3.380287	93594	-0.177407	17231	-2.286488	15755
0.176437	152067	3.322940	152067	-0.170172	31172	-2.426024	37914
0.236984	6045	4.351969	6015	0.236984	3986	4.351969	3958
0.196373	24512	-3.591162	149811	0.196373	17076	3.096960	14033
0.179805	27984	-3.887974	174686	0.179805	19664	3.222285	32084
0.203356	31737	-3.659800	99782	0.191076	3320	-3.180464	50642
-0.200387	126642	-3.283506	174686	-0.188537	2340	-2.846322	99298
-0.243900	9635	-6.492768	156018	-0.243900	6361	-4.678512	102431
-0.216505	31165	-3.018108	7484	-0.216505	22070	-3.018108	4853
-0.249383	30059	-4.421818	129791	-0.249383	21270	-4.060572	53247
-0.203470	44023	3.389827	284	-0.203470	30957	-3.135574	101482
0.164057	181082	2.944269	25514	-0.150072	3074	2.429973	105993
-0.188211	22148	-2.867037	62864	-0.176006	25305	-2.505155	61697
-0.241409	35409	-3.858065	37018	-0.232671	6482	-3.670091	26172
-0.198571	3045	3.127040	79743	-0.198571	2250	-2.721943	1039
0.187636	50895	3.785974	79893	0.187636	35517	3.069131	53237
0.313231	31607	7.177392	170744	0.313231	22326	7.177392	102436
-0.173905	163	3.487572	45356	-0.173905	159	2.150702	103285
0.198715	30885	3.162349	21024	0.198715	21939	3.162349	14503
-0.262217	3543	-4.232643	4712	-0.262217	2503	-4.232643	3191
-0.182838	39895	3.767177	149661	-0.180136	28022	-2.984954	84126
-0.292783	31609	-4.143248	25260	-0.292783	22328	-3.534418	4974
-0.347292	31551	-7.988965	11342	-0.347292	22287	-7.988965	7452
0.216724	15602	-3.400514	155505	0.216724	10489	3.049516	244
0.176728	39362	2.920232	103933	0.176728	27814	2.671436	15368
-0.215820	27938	-3.249409	115867	-0.215820	19625	-3.141878	15982
-0.218746	31549	-3.671845	166573	-0.218746	22285	-3.551454	99559
-0.274123	27823	-3.544851	155156	-0.274123	19547	-2.962799	85880
0.237646	181203	5.032636	177594	0.225845	10711	3.716500	102917
0.369480	21830	5.109641	85758	0.369480	14979	4.866749	47214
-0.207403	35640	2.618785	181591	-0.207403	25227	-2.247200	76696
0.189037	142635	5.045085	149761	0.172052	89462	4.371794	98248
-0.193431	11356	-3.317014	11357	-0.193431	7466	-3.065916	14076
0.223256	2451	-4.162504	79743	0.223256	1804	2.590993	1838
0.197589	79866	4.893621	161205	0.197589	53228	3.128896	98223
0.304308	27707	3.859569	39895	0.304308	19494	3.786369	28260
-0.259934	39942	-2.773935	72612	-0.259934	28201	-2.773935	48798
-0.283644	14017	-4.288503	129529	-0.274907	9242	-4.288503	80476
-0.221022	31228	-3.117005	177849	-0.221022	22100	-2.881152	27894
0.350916	24449	4.704078	7491	0.350916	17044	4.704078	4860
0.317731	31550	4.063993	26899	0.317731	22286	4.063993	19013
0.210283	31550	3.099034	153634	0.210283	22286	3.099034	94108
0.258904	31513	3.971176	149214	0.258904	22251	3.971176	91465
0.185371	24448	3.698624	112907	0.185371	17043	3.092896	15223
-0.180955	32765	-2.871190	5958	-0.180955	23140	-2.871190	3907
-0.197837	160756	-4.241477	170208	-0.171635	81770	-3.282016	105162
-0.187875	35822	-2.885016	174768	-0.187875	25348	-2.885016	104034
-0.253073	31551	5.062249	149761	-0.253073	22287	-2.863633	34284
-0.322664	35347	-3.811569	1445	-0.322664	25056	-3.569714	1722
0.249928	9574	4.777681	155317	0.249928	6316	3.760905	95377
0.212831	38982	4.844709	119079	0.207393	24830	4.374879	100482
0.175055	35510	-3.106362	791	0.175055	25145	-2.373882	4868
0.179524	27526	-3.444154	149661	0.179524	19408	-2.406017	45871
-0.181290	3273	-3.871855	302	-0.181290	2315	-2.649181	5924
-0.280854	31551	-3.822729	302	-0.280854	22287	-3.534989	14534
0.169938	14332	3.544991	16817	0.169938	9470	3.170520	11233
-0.201665	175817	-4.444080	177866	-0.174456	68674	-3.075882	105525
0.193127	27707	-3.239203	132458	0.193127	19494	2.629129	32084
0.262237	7447	3.430295	4331	0.250944	12903	3.221664	3790
0.171164	132096	3.372180	119079	-0.166672	1130	-2.739316	26115
-0.336124	24522	-6.329017	29413	-0.336124	17082	-5.573825	7426
-0.310297	35347	-3.124936	67298	-0.310297	25056	-3.112453	25746
-0.154069	123512	-3.291124	76834	0.143255	10600	-2.437884	15661
0.170678	32788	3.042871	28897	0.170678	23158	3.042871	20336
0.232108	27898	3.261969	24762	0.187364	14906	2.338691	16556
0.164737	45677	5.286224	32882	0.154895	2427	4.124503	23192
0.172598	44725	-5.676692	92009	0.172598	31548	-3.347256	98197
0.262694	8735	4.379720	5153	0.262694	5913	4.379720	3575
0.335058	31608	4.014891	9261	0.335058	22327	3.485839	25305
-0.231085	35701	-4.336444	84085	-0.231085	25263	-3.619918	62857
-0.203203	96364	-2.979626	9276	-0.203203	62850	-2.979626	6061
0.214544	11930	3.091888	19921	0.210609	9416	3.078963	15368
0.176879	181775	3.384408	110860	0.174808	80584	3.355354	100594
0.207262	36091	2.738803	36090	0.207262	25550	2.738803	25549
0.189721	75	-3.617481	123512	0.189721	74	-3.591540	29205
0.255701	4844	-3.753620	149811	0.255701	3319	3.335335	2515
-0.245510	35347	2.753716	155361	-0.245510	25056	-2.743490	10528
0.196281	35640	3.811513	79540	0.196281	25227	-2.814083	41971
0.191002	145832	4.044507	171033	0.182419	89462	2.596436	89462
0.308271	39723	5.665685	168489	0.308271	28026	5.351511	102436
0.175917	23689	3.291303	112873	0.175917	16562	2.222746	32169
0.219986	43249	5.857355	166667	0.217155	33999	4.707110	90993
-0.273477	2448	-4.663021	8840	-0.273477	1801	-4.663021	5979
-0.191520	181649	-3.511874	149661	0.160417	14907	2.448749	19909
0.401816	31551	5.013518	16945	0.401816	22287	5.013518	11351
-0.209058	15602	-3.973006	174990	-0.209058	10489	-2.482326	93193
-0.252814	27708	-4.683178	69528	-0.252814	19495	-4.293811	44567
0.350442	35460	6.024207	17966	0.350442	25109	6.024207	12185
-0.194055	76053	3.473865	284	-0.187011	14929	-2.930382	19061
-0.187583	1258	4.610702	127631	-0.187583	1049	-2.675085	14033
0.362403	27709	5.060857	1446	0.362403	19496	3.935832	31530
-0.190885	1644	2.604802	173024	-0.190885	1304	-2.478872	29188
0.291020	13971	5.042853	1424	0.291020	9236	4.660606	33270
-0.189906	162	-4.354243	146381	-0.189906	158	-3.273343	98223
-0.189759	169463	-4.170723	149102	0.170477	21680	-3.666969	101551
-0.190565	160778	3.435956	71460	0.159968	55767	2.720901	12149
0.214555	11997	3.731662	161157	0.214555	7938	3.161087	8141
-0.249182	31608	-3.776645	107911	-0.249182	22327	-3.476051	50786
0.189434	23740	-4.598924	155317	0.189434	16606	-2.904845	71885
0.172696	181927	3.055390	174754	0.169217	159	-2.662339	8873
-0.216794	44125	-3.833428	79540	-0.216794	31046	-2.811800	104638
-0.167957	7918	-2.919747	28789	-0.167957	5246	-2.919747	20247
-0.226242	180202	-3.882172	176411	-0.203106	4581	-3.651704	101654
-0.280217	24109	-4.264989	126703	-0.280217	16867	-4.261135	7408
0.185944	117309	3.922264	166297	0.174240	2394	3.903822	101551
-0.180134	164890	-5.258069	171078	-0.166914	64901	-3.890457	83074
-0.214082	1390	-3.225049	174990	-0.207157	2250	-2.893503	1134
-0.372232	35518	-4.312246	98505	-0.372232	25149	-3.732584	32268
-0.256473	6375	-3.433299	177849	-0.256473	4290	-3.129194	5309
-0.364298	21675	-4.443619	9296	-0.364298	14906	-4.443619	6076
0.282296	24573	3.525533	124502	0.282296	17114	3.525533	77680
-0.190341	92354	-4.292875	161205	0.173614	11041	3.522779	8899
-0.241122	5286	-4.226079	3336	-0.241122	3666	-3.274315	3686
0.178985	63520	3.091655	111151	0.141383	11186	3.004008	17747
0.244784	35556	3.886436	13410	0.244784	25184	3.886436	8869
0.339000	35460	6.156011	110841	0.339000	25109	5.683507	38017
0.247362	31414	5.015661	83374	0.247362	22199	4.512904	57926
0.232001	31449	4.359740	48360	0.225939	7656	3.777304	6257
0.163886	117309	3.506577	166297	-0.156659	16600	2.990842	101551
-0.187551	16433	-3.542289	28954	-0.187551	10974	-3.200495	23192
0.302841	35293	3.743661	3353	0.302841	25031	3.743661	2327
0.228307	44250	-3.292241	791	0.228307	31159	2.515609	103455
-0.294368	35581	-4.413499	11303	-0.294368	25191	-4.035247	37911
0.185076	65932	3.595952	61762	0.183750	14507	2.660112	22787
-0.189943	158023	-4.233567	172810	-0.178868	4147	-3.968211	104015
-0.170519	176853	-5.976895	161064	-0.163177	5253	-3.101932	91465
-0.216077	181597	-3.262151	149661	0.205556	22327	-2.682659	96791
0.242006	36136	4.049230	36924	0.242006	25586	4.049230	26113
-0.257064	31449	-4.633023	17707	-0.246118	14880	-4.633023	12004
0.288946	1644	4.330815	163523	0.288946	1304	4.330815	99319
0.174412	130692	4.570980	157337	0.172334	106033	3.923155	104993
-0.302922	35517	-3.948302	81530	-0.302922	25148	-3.836334	84331
-0.388018	35556	-5.885825	174069	-0.388018	25184	-5.885825	103648
-0.257667	39761	-4.532168	60304	-0.257667	28059	-4.532168	41505
-0.203135	32068	-3.433463	96527	-0.203135	22665	-2.939883	37841
0.194192	181774	3.350635	19482	0.186815	6452	2.845429	11206
0.175302	84059	-2.666707	9278	-0.163536	179	2.376168	50787
-0.188409	28164	3.829608	63137	0.167116	48342	3.555713	40680
-0.242415	27588	-3.529013	22031	-0.242415	19442	-2.759474	15534
0.207526	444	-2.992144	36263	0.207526	382	2.640497	513
0.197776	11739	3.093566	90543	0.197776	7746	2.710394	39291
0.267110	31228	-3.852203	149661	0.267110	22100	3.422015	13909
0.168796	21634	3.601543	93401	0.168618	14909	-2.602629	95377
0.196728	31550	5.089900	127631	0.196728	22286	2.969728	74966
0.166827	6337	3.921184	9296	0.166827	4253	3.921184	6076
0.217393	1500	3.211165	181244	0.217393	1172	3.081012	62850
0.269081	27708	4.202543	26991	0.269081	19495	4.202543	19091
-0.208997	16356	-3.956791	5868	-0.208997	10924	-3.045286	50781
0.189381	1818	4.192478	1459	0.189381	1461	3.178512	84432
0.185007	15745	-3.154899	79743	0.185007	10555	2.373629	31983
-0.172281	166087	-4.226815	166087	-0.170743	28160	-3.813917	101506
-0.198659	16016	-2.952037	138636	-0.198659	10711	-2.751418	105164
-0.208054	119449	-5.305020	166294	-0.179588	7780	-3.408051	99517
0.171045	76603	4.435469	35953	0.169572	41727	4.435469	25438
0.266981	43894	4.656576	177849	0.266981	30863	3.892446	101482
-0.272422	27999	-4.711526	17275	-0.272422	19666	-4.711526	11681
-0.189496	6198	-3.731048	58668	-0.189496	4119	-3.731048	40571
0.163938	1389	3.831066	149661	0.163938	1134	-2.770027	35162
0.194225	4495	3.757112	17761	0.194225	2994	3.757112	12044
-0.217529	8735	-3.125559	119692	-0.217529	5913	-3.125559	75023
0.313794	31608	5.669493	34003	0.313794	22327	5.669493	24206
-0.232633	163	-3.325428	146062	-0.232633	159	-3.325428	89595
-0.179124	136215	-3.680104	176582	-0.169518	105164	-3.680104	104701
-0.189060	25318	3.925528	79540	-0.189060	17620	-2.513435	17619
-0.227230	181611	-3.379678	180156	-0.206829	105823	-3.140745	89562
0.217031	22265	3.590157	174423	0.217031	15301	3.423803	7062
0.308841	35409	3.295222	58829	0.302216	22199	3.295222	40653
-0.162215	3355	-3.007127	174688	-0.162215	2329	-3.007127	104011
0.240753	21675	3.954633	92491	0.240753	14906	2.543235	8900
0.199851	46347	2.798386	46347	0.199851	32572	2.798386	32572
0.311905	31228	4.214703	1522	0.311905	22100	4.214703	1194
0.198991	39880	2.635941	140109	0.198991	28155	2.380008	76696
-0.186829	22070	-3.256400	87780	0.186128	17044	-3.256400	58024
0.221341	31629	2.730168	34379	0.221341	22330	2.712547	24490
-0.177971	100188	-2.667472	45682	-0.177971	64900	-2.518954	32193
-0.220680	31318	-3.688470	129746	-0.220680	22156	-2.849260	29196
0.201599	2376	-3.323080	172810	0.176980	17135	2.953125	14033
-0.219514	39723	-4.854145	127631	-0.219514	28026	-2.846632	103702
-0.192006	31215	-3.499667	17940	-0.156757	8782	-3.357837	18560
-0.180596	32106	3.167596	143452	-0.180596	22698	-2.569250	16554
0.268347	35619	3.932291	42166	0.267506	25056	3.821814	10546
0.215738	50108	-4.636821	146639	0.215738	35123	3.784726	35149
-0.188034	14086	2.673344	181566	-0.188034	9289	2.271386	89125
-0.240866	4501	-3.874259	149661	-0.240866	2999	-3.125583	123
-0.251645	31607	-3.367616	58383	-0.251645	22326	-3.104309	40337
0.219799	27708	3.463282	102419	0.219799	19495	3.014772	6068
-0.248427	175817	-5.221632	166027	-0.233243	25184	-3.816482	104823
0.259679	44086	5.382327	161063	0.259679	31014	4.083714	100683
-0.220477	76091	-3.815732	32695	-0.214254	4991	-3.815732	23099
-0.258686	31448	-3.987684	3304	-0.258686	22222	-3.642555	41957
-0.173005	35460	3.533544	149661	-0.173005	25109	2.442770	89826
0.287684	24512	3.523726	69528	0.287684	17076	3.263650	97335
0.233704	356	3.424697	166251	0.233704	298	3.110358	10292
-0.175924	18736	-4.893532	79743	-0.148012	37962	-3.866410	37962
-0.204907	160756	-3.398617	177832	0.152288	25378	-2.669128	99309
-0.271121	31569	-4.696674	107911	-0.271121	22289	-3.777841	8875
-0.459773	35518	-7.439046	114110	-0.459773	25149	-6.334065	29201
-0.185689	21716	-3.483226	79852	-0.185689	14929	-3.412743	50786
-0.176905	18229	3.595380	122147	-0.176905	12387	2.377747	23211
-0.260223	39819	-2.752107	42873	-0.256482	22326	-2.752107	30325
-0.340099	31550	-4.895415	103946	-0.340099	22286	-3.898602	62857
0.271213	31322	3.457390	24461	0.209230	4079	3.034201	91993
0.185007	9566	2.768691	32937	0.185007	6308	2.460581	76919
0.227982	48840	3.163297	93401	0.227982	34338	3.087479	44523
-0.159953	16395	2.752565	36752	-0.159953	10950	2.752565	26010
0.217995	23795	3.428367	791	0.217995	16656	3.002088	5005
0.185185	35460	3.801630	171216	0.185185	25109	3.275292	94524
-0.200439	158023	-4.178890	166089	-0.193242	19547	-3.625809	15937
0.167203	72713	3.425807	140217	0.167203	48861	2.748152	26177
0.234078	181840	5.145116	171123	0.207854	89462	4.120829	99497
-0.208616	27785	-3.036966	91688	-0.208616	19533	-2.190263	25422
-0.301642	35518	-4.243668	24627	-0.301642	25149	-3.533910	18129
0.177071	62124	-5.233451	171078	0.175367	2426	-3.235951	82702
-0.254655	31320	-4.000260	15407	-0.220253	7574	-3.280338	6140
-0.239698	7466	-3.384337	5863	-0.224717	19168	-3.294110	10366
0.236021	35196	3.460232	791	0.236021	24981	3.206160	86208
0.254292	35459	-3.882020	174686	0.254292	25108	-3.102062	105532
-0.204238	6335	-3.690266	123563	-0.204238	4251	-3.445164	84110
0.265815	24468	4.434824	68965	0.265815	17049	3.334558	10549
-0.183078	7856	-3.994557	79743	-0.183078	5193	-3.320484	15297
-0.258857	31281	-4.416519	125793	-0.258857	22131	-4.335003	80092
-0.175928	873	-2.748859	181552	-0.175928	736	2.633727	100594
-0.217851	27983	3.104773	181495	-0.217851	19663	2.934687	106034
-0.262006	21675	4.050649	79743	-0.262006	14906	-2.875916	14224
-0.184091	181644	-2.895272	175898	-0.163996	37035	-2.510718	104349
-0.273295	27982	-3.622283	63268	-0.273295	19662	-3.292979	14457
-0.193463	174023	-3.854688	115966	-0.172390	19519	-3.322134	38017
0.233351	35460	5.553087	176384	0.233351	25109	4.473090	104017
-0.375370	31550	-6.107337	132927	-0.375370	22286	-5.516718	7487
-0.295113	24522	-5.488874	156847	-0.295113	17082	-4.191929	104824
0.189437	254	3.366120	149661	0.189437	238	2.520466	238
-0.169590	31409	2.952466	161063	-0.161793	34283	-2.426207	22690
0.240574	103879	4.546436	174707	0.240574	66842	4.546436	104014
-0.194960	18747	-3.411865	161739	-0.194960	12707	-3.257424	70195
0.237179	107007	5.220687	92009	0.236383	9186	3.320261	21585
0.169157	139001	5.066203	166295	0.169157	85588	3.663936	85588
-0.246407	181903	-4.321030	181520	-0.238498	4129	-3.632077	106051
-0.225614	3342	-3.366757	45613	-0.225614	2317	-3.366757	32138
0.194713	25270	-4.325606	179194	0.194595	17630	3.511379	15318
-0.204519	126586	-4.142882	155317	-0.188498	70279	-3.730932	70195
0.270171	24573	4.833130	28899	0.270171	17114	4.833130	20338
0.188954	16756	3.529982	781	0.184912	159	2.672728	87765
0.186022	16716	3.734490	79743	0.169233	19496	2.625727	8873
0.224758	163	4.519185	58867	0.224758	159	4.519185	40680
0.220577	43894	3.270959	122147	0.220577	30863	-2.515186	26115
0.210846	181840	3.659454	108062	0.207888	1807	3.007520	101551
0.176519	41038	3.178867	161110	0.176519	28994	3.003081	26028
-0.188886	160817	-5.462471	149761	0.179901	21941	-2.949240	50787
-0.171168	4474	-2.580586	71520	-0.151314	2228	-2.580586	48343
-0.152027	39633	-2.182471	39580	-0.138770	4290	1.987427	19061
-0.272451	35460	-4.602260	75655	-0.272451	25109	-4.602260	50764
0.244060	92614	4.120037	60588	0.231409	10897	4.034425	35986
-0.187035	3128	-3.435064	67337	-0.187035	2282	-3.435064	45870
0.262995	27984	-4.018687	174697	0.262995	19664	-4.018687	104012
0.178838	44145	3.613016	166251	0.178838	31066	3.429675	105535
-0.203470	31449	-3.976520	1459	-0.197826	16753	-3.519149	8879
-0.227140	3293	-4.424060	156180	-0.216026	4288	-3.637112	94956
0.236833	23688	3.221904	26844	0.236833	16561	3.221904	18962
0.237689	175817	3.779640	149661	0.205110	10711	3.103848	105525
-0.224118	31550	-3.083664	112092	-0.224118	22286	2.660897	26170
-0.176619	88214	3.632562	149661	-0.176619	58270	2.593214	91954
0.184631	108	-3.578246	7486	0.184631	106	-3.578246	4855
0.259539	35576	-4.043986	166294	0.252788	17081	2.988450	8900
-0.293744	16474	-5.478343	9287	-0.293744	10997	-5.478343	6067
0.402412	27709	6.430461	39215	0.402412	19496	6.216718	24783
-0.287655	31608	-4.967829	161019	-0.287655	22327	-4.397766	165
-0.215790	146666	-4.789700	170804	-0.215790	89973	-4.391060	26240
-0.230852	31607	-3.129720	142757	-0.230852	22326	-2.349819	43640
0.186931	18951	4.320498	13507	0.184513	8141	3.691380	19066
-0.283313	35576	-4.395850	41830	-0.281056	17081	-4.225281	15342
0.281120	35576	5.972799	171169	0.259299	25147	4.766389	89100
0.234786	11930	4.077023	19302	0.197334	5243	3.856136	44380
-0.175939	24404	3.201052	8927	-0.175939	17015	2.477152	4788
0.321167	39723	3.494839	149062	0.321167	28026	2.991315	103701
0.261592	4585	4.360076	28265	0.261592	3082	4.360076	19850
-0.168272	139419	-2.783086	129761	0.152279	22370	-2.594755	104035
-0.391882	31550	-6.003285	39860	-0.391882	22286	-5.943715	26675
0.252792	44086	4.817381	127631	0.252792	31014	3.102679	104022
0.220125	31511	2.953312	57898	0.211568	22286	-2.360869	105532
-0.199034	39721	3.479395	155608	-0.199034	28024	3.082805	89800
-0.223952	44063	-3.427790	152067	-0.223952	30991	-2.500136	82911
-0.202625	6037	-3.561880	16112	-0.202625	3978	-3.114044	17402
0.199734	11912	4.264636	93401	0.177291	23532	2.809593	23532
0.273835	31551	4.371117	13440	0.273835	22287	4.371117	8875
-0.186964	103879	-3.444699	161989	-0.186964	66842	2.892570	23191
-0.210498	4808	-3.340211	179193	-0.210498	3285	-3.335463	20371
-0.180113	84405	-3.783860	32882	-0.162153	30135	-3.653688	23192
-0.240274	35196	2.741585	119223	-0.240274	24981	-2.396869	44367
-0.305326	21636	-3.876527	25260	-0.305326	14880	-3.307409	10567
-0.333919	35640	-4.107186	221	-0.333919	25227	-3.884590	2231
0.187843	107007	3.736021	142759	-0.175295	19494	3.058849	103219
0.206344	25332	3.572274	108689	0.206344	17633	2.566504	17633
-0.227940	871	-3.890153	7082	-0.227940	734	-3.641171	4770
-0.370889	31449	-7.179699	19602	-0.359868	25109	-7.179699	13275
0.244350	44124	3.801552	79126	0.244350	31045	3.486521	26048
0.212756	35497	3.279457	22282	0.212756	25140	3.279457	15318
0.189801	21627	-3.612980	149661	0.189801	14877	2.823291	23793
-0.348043	19072	-4.985662	180116	-0.348043	12906	-4.085525	104701
0.381961	27937	6.294918	104250	0.381961	19624	5.908305	23193
-0.340025	31551	-4.041375	9351	-0.340025	22287	-4.041375	6130
-0.229798	7447	4.473363	149761	-0.199140	2960	-2.954673	2960
-0.202507	158023	-4.995036	176436	-0.191886	828	-4.366771	105171
0.249892	181921	4.195836	181921	0.228080	64891	4.024310	106050
0.207234	1636	4.047241	1460	0.206968	23174	3.206240	37999
-0.164558	116148	3.906935	79743	-0.152529	9416	-2.485341	66857
0.279641	35460	4.087276	29264	0.279641	25109	3.529085	43315
-0.267602	161	-4.172307	90001	-0.267602	157	-3.885670	157
0.191597	35639	2.781263	22341	0.186359	25263	2.525255	17723
-0.252549	31228	3.759189	149661	-0.252549	22100	-2.912921	18908
-0.188452	120423	-4.695501	119079	-0.163614	73766	-3.244584	35183
0.193773	1321	4.972994	155317	0.189048	608	2.970389	66620
-0.189910	155129	3.248015	149084	-0.173984	33905	-2.950060	102423
0.299313	24804	4.816505	9474	0.299313	17231	4.816505	6240
0.203908	27709	3.453667	45762	0.203908	19496	3.160618	40706
-0.243454	27708	-3.961682	122021	-0.243454	19495	-3.947674	40633
0.448481	27708	6.781646	80583	0.448481	19495	6.125221	17683
0.205026	4681	3.890170	50142	0.205026	3163	3.890170	35155
-0.191387	123522	-4.245704	99498	-0.180740	28016	2.644268	72955
-0.287233	27709	-3.625145	47695	-0.287233	19496	-3.596893	30479
0.314721	35556	3.554517	46086	0.314721	25184	3.514136	27120
-0.156204	11321	-3.046886	791	-0.156204	7436	-2.255116	7436
0.192750	4338	3.901077	17889	0.187648	2953	3.589875	12098
0.170679	340	-3.556789	126951	0.170679	282	2.761408	15318
-0.195082	145021	-3.863262	122857	-0.192746	22131	-3.503268	87119
-0.242128	24521	-4.973689	39859	-0.242128	17081	-3.807387	22307
0.290396	31550	4.186992	128634	0.290396	22286	3.401807	80117
0.215622	21248	3.626796	3318	0.212252	22443	3.124363	26015
0.373906	31569	5.201981	28973	0.373906	22289	5.149563	23201
0.187119	16513	-3.004796	156180	0.187119	11018	2.581586	23392
0.196595	16474	-3.498339	179960	0.196595	10997	-3.219794	104293
0.231941	31607	-3.164256	173106	0.231941	22326	2.768844	18618
-0.204774	14086	-3.195324	9495	-0.204774	9289	-3.195324	6257
0.198519	13972	4.457338	9286	0.198519	9237	4.457338	6066
0.303492	35556	4.177945	78652	0.303492	25184	3.698614	70306
-0.382849	35498	-4.890509	11311	-0.382849	25141	-4.890509	7426
-0.198301	4501	-3.360370	9305	-0.198301	2999	-3.360370	6085
-0.255639	18389	3.683723	155505	-0.255639	12483	-3.631435	16748
-0.270424	35460	-3.842604	15495	-0.270424	25109	-3.699825	8937
-0.220082	35518	-3.191075	173024	-0.220082	25149	3.004898	22730
-0.255589	9602	-4.221764	26030	-0.255589	6334	-3.802044	12360
-0.205812	3804	-5.880108	161063	-0.205812	2714	-3.884664	95112
0.179695	24762	-3.637997	171078	-0.173849	1342	-2.974920	100483
0.208752	44063	5.177724	161157	0.208752	30991	4.316570	98198
0.192141	160778	3.772280	157566	0.169901	106076	3.135714	101137
0.271298	71983	5.034002	162505	0.253810	22286	4.783463	101137
0.183021	170076	3.088821	170121	0.183021	102040	3.088821	102070
-0.277323	31228	-3.701238	16243	-0.277323	22100	-3.544635	15223
0.174855	31509	3.258865	22296	0.170718	15333	3.258865	15332
-0.222761	27709	3.791813	79743	-0.222761	19496	3.661775	75388
-0.286019	31463	-5.149715	19490	-0.276502	22199	-4.724820	101551
0.235353	24108	3.604633	105825	0.235353	16866	3.203802	54198
0.211733	181772	4.720324	166252	0.194463	106051	3.728824	106050
0.159594	123522	3.116551	125220	-0.150403	14596	2.715500	101107
-0.430551	35518	-5.531272	181452	-0.430551	25149	-5.051683	41352
0.273437	16352	3.747592	11266	0.273437	10920	3.403361	58258
-0.176821	84083	-3.091451	163545	-0.174325	391	-3.061223	26154
0.194933	155099	4.498224	155317	-0.187327	17081	4.072285	93438
-0.173980	39721	-2.936117	126660	-0.173980	28024	2.893394	10243
0.213952	19469	3.671955	96527	0.199666	34387	3.218862	15375
-0.248860	67484	-4.053167	58414	-0.232479	31012	-3.319269	44037
0.226806	4481	3.012998	171078	0.226806	2980	2.811910	40656
-0.191247	32810	4.126747	79540	-0.191247	23174	-2.726804	23174
-0.233691	79880	-3.503946	28915	-0.225515	15016	-3.371313	48353
0.174638	6375	3.546950	119223	0.174638	4290	2.421576	15404
0.191240	4886	2.621403	150589	0.191240	3359	-2.576310	18961
0.213189	6210	3.990384	174728	0.213189	4129	3.990384	104021
0.260688	31609	-4.127531	161206	0.260688	22328	2.779132	10555
0.202760	340	3.012521	22282	0.202760	282	3.012521	15318
-0.218031	35498	-3.922258	79743	-0.218031	25141	2.458660	104035
-0.202707	21677	3.583438	122147	-0.202707	14908	-2.788289	8872
-0.262826	39781	-3.944076	36756	-0.262826	28071	-3.944076	26014
-0.205361	1044	-4.306206	173107	-0.205361	887	-2.939253	70195
0.253611	9816	4.224668	32840	0.253611	6517	3.549806	6518
0.243295	6147	4.025243	3317	0.243295	4079	3.232127	241
-0.210948	35701	2.905856	170121	-0.210948	25263	2.905856	102070
-0.328536	31511	-4.011967	31511	-0.313890	17076	-3.825147	32572
0.254379	28849	3.945140	28849	0.254379	20295	3.945140	20295
-0.309284	35460	-5.212153	14301	-0.309284	25109	-4.800275	9442
0.282241	181797	5.249614	181955	0.257249	106044	4.404072	106044
-0.273857	80259	-4.315339	179167	-0.198713	82367	-3.614250	101501
-0.236740	35762	3.512865	25469	-0.236740	25305	3.261307	20372
0.200317	175817	-3.095390	79540	0.179830	19767	3.064774	35934
0.184599	19427	-3.893067	140109	-0.171845	30942	-3.720938	99453
-0.185880	3957	-4.162246	173107	-0.185880	2823	-3.332760	82204
0.234609	31550	4.292935	119606	0.234609	22286	4.292935	74966
-0.206463	36092	-3.825781	36808	-0.206463	25551	-3.168873	25462
0.242523	3348	5.289874	5873	0.242523	2323	5.289874	3825
-0.290789	31551	3.798644	155317	-0.290789	22287	-2.958856	8871
-0.177213	31367	-2.495443	93988	-0.153016	27946	-2.095973	58087
0.171441	131805	4.024922	171881	0.152769	1775	2.910096	101551
0.165002	6979	-3.881754	93401	0.165002	4732	2.836383	8882
0.225380	35460	3.808285	21515	0.225380	25109	3.623116	7452
-0.259375	26972	-3.402135	11136	-0.259375	19077	-2.994140	16647
0.305181	67909	4.936432	41991	0.305175	14841	4.357615	29501
-0.205790	4481	-2.936916	25450	-0.205790	2980	-2.936916	17744
0.255165	41324	4.830762	41324	0.239001	17114	3.953202	26161
0.180496	18792	-3.840826	149301	0.162757	10711	2.281925	8911
-0.253823	21920	-4.170913	5801	-0.253823	15046	-3.118998	16372
-0.219783	35701	-3.465135	54552	-0.219783	25263	-3.465135	37985
-0.272475	35556	-4.440228	119079	-0.272475	25184	-3.843759	6100
-0.251811	48894	-3.582300	35628	-0.251811	34387	-3.366423	11395
-0.207970	24513	4.026008	155317	-0.207970	17077	3.569250	91681
-0.203155	6979	-3.463469	166210	-0.203155	4732	-2.981938	105103
-0.164248	187	-3.422447	149661	-0.164248	182	-2.436984	95377
0.206104	11739	-3.154951	152139	0.206104	7746	-3.114982	74966
-0.209345	31320	-4.046619	171881	-0.209342	3274	-3.264128	4915
-0.181853	162222	-3.441374	176383	-0.177763	5590	-2.914090	105164
-0.200939	3143	-2.831440	105272	-0.175426	2964	-2.419652	2295
0.247207	31607	4.071714	79540	0.247207	22326	2.266454	12134
0.211292	9455	5.125305	149761	0.211292	6225	3.443903	6066
-0.217431	8735	-3.796783	781	-0.217431	5913	-2.605143	66651
-0.218038	172244	-5.092291	170121	-0.218038	102916	-5.092291	102070
0.299507	31550	3.647195	48806	0.299507	22286	3.598420	4975
0.395481	31551	5.813021	4248	0.395481	22287	5.571251	10059
-0.180314	871	-5.277095	119606	-0.180314	734	-5.277095	74966
0.176282	35427	3.091320	60588	-0.152469	92597	-2.074366	92625
-0.223230	26910	4.503251	177898	-0.223230	19022	3.667617	94955
0.209259	11804	3.022892	31344	0.209259	7793	2.533444	15661
0.180910	131805	4.687179	173107	0.172236	70279	2.965274	102433
-0.155233	32063	2.533277	167844	-0.155233	22663	2.522641	83597
-0.237435	19318	2.673965	181249	-0.220508	12906	-2.223304	13106
0.238485	28190	4.020877	166044	0.238485	19799	3.578645	33364
0.238720	31608	4.087307	119567	0.238720	22327	4.067051	4855
0.189657	34752	-3.998756	174991	0.189657	24771	-3.238987	104035
0.200999	27984	-2.634971	16658	0.200999	19664	-2.606364	16343
0.207962	177883	3.735867	179135	0.196365	105164	3.385752	105164
0.285115	24522	5.211284	118907	0.285115	17082	4.913174	60625
0.181817	5757	4.360183	79743	0.170912	40660	3.694130	40660
-0.181155	136216	3.358133	149661	-0.170280	72066	-3.053402	100553
0.165004	144389	4.688128	149711	0.158351	7333	3.131752	91810
0.251336	35498	-3.637420	166210	0.251336	25141	2.859365	8898
-0.223590	5844	-3.232546	5844	-0.209235	7530	-3.193382	56689
-0.193246	2524	3.916068	162748	-0.191881	1591	-2.360038	1591
-0.188315	27982	2.615527	284	-0.188315	19662	-2.575171	13909
0.182971	24564	3.321501	16772	0.182971	17111	-2.777112	41905
0.223600	26972	3.195032	71495	0.223600	19077	3.037656	19013
0.202876	3331	3.601357	9280	0.197852	887	2.787358	887
0.253744	27982	3.382524	48927	0.253744	19662	3.073529	8868
-0.259636	31608	-3.603804	79743	-0.259636	22327	-3.110581	27120
-0.210718	19318	-3.796135	179193	-0.184731	13106	-2.659875	19012
0.178517	4615	3.092452	49262	0.178517	3112	2.447091	29133
-0.247696	342	-3.881249	181552	-0.247696	284	-3.442913	45859
0.207794	126703	4.968807	166076	0.188184	75522	4.571860	99343
0.212181	31369	3.115718	101645	0.206135	4732	3.033377	9487
0.206714	117307	3.342583	120432	0.206714	73766	2.934886	73766
0.271387	80259	4.465143	60777	0.271094	22287	3.789350	19013
-0.286290	44086	-3.894234	177851	-0.286290	31014	-3.652716	104009
-0.185023	26972	3.396852	105203	-0.185023	19077	2.274012	50642
0.194658	27982	3.857929	45529	0.194658	19662	3.857929	32084
-0.253618	31607	5.076866	149761	-0.253618	22326	3.700598	91948
-0.219183	120407	-5.501044	171169	-0.219183	75487	-4.979339	92777
-0.268537	31549	-3.801931	3361	-0.268537	22285	-3.641336	2331
0.369346	24573	4.483644	7377	0.369346	17114	3.999812	12224
0.191425	103893	3.370937	107462	0.191229	2463	2.986678	87647
0.185542	9776	3.780857	32642	0.185542	6482	3.780857	23079
-0.191213	9924	-4.180050	166251	-0.191213	6620	-3.640157	99433
-0.175372	7981	-4.982696	166294	-0.175372	5307	-2.240097	10243
-0.213648	1818	-3.361455	156613	-0.213648	1461	-3.200656	2254
0.181962	137889	3.116134	137889	0.169418	3043	2.429915	68486
0.197009	6123	-3.875666	115966	0.197009	4058	3.179845	32135
-0.174618	152067	-2.929597	152067	-0.152643	28015	2.590763	40655
0.275445	31551	3.107500	33300	0.275445	22287	2.713825	4852
0.217038	181578	3.094021	5784	0.170696	15259	2.425693	23180
0.220905	16774	4.039042	174950	0.218515	11175	3.149158	104017
-0.172542	18383	-3.209186	105203	-0.172542	12477	3.002753	4855
-0.175130	31550	-4.436488	58668	-0.175130	22286	-4.436488	40571
-0.340304	31608	-5.090607	2163	-0.340304	22327	-4.386771	14076
0.287531	35460	3.564959	16642	0.287531	25109	3.121918	14077
0.189439	31367	3.308487	45493	0.166328	2992	3.027696	32089
-0.283891	24521	-4.010107	13437	-0.283891	17081	-4.010107	8872
0.243229	35195	4.202504	126215	0.243229	24980	3.715082	77528
-0.192419	82445	5.004636	177866	0.153853	105157	2.932278	105157
-0.209043	16772	-3.245211	16772	-0.185453	13172	3.036940	42882
-0.184768	163079	-5.437396	155913	-0.182791	30991	-4.639232	95377
0.274522	31449	5.979404	25468	0.242893	9209	5.979404	17749
-0.169206	39704	-3.194475	91199	-0.169206	28015	-2.423622	50642
-0.174076	59910	-3.165376	163514	-0.158700	35782	-2.836091	38708
0.166838	9685	3.489634	171078	0.166838	6401	2.543263	6350
-0.204830	12606	-3.553499	45733	-0.204830	8493	-3.462474	11354
0.328803	35460	4.842684	36857	0.328803	25109	4.649661	26042
-0.189396	3005	-2.680146	270	-0.189396	2229	-2.680146	244
0.210510	84445	3.745651	174740	-0.198672	22178	3.608424	103273
0.202513	63520	4.616054	103901	0.170748	7656	3.070626	17747
-0.209344	19389	-4.002677	122147	-0.209344	13141	-3.983553	23202
0.262499	27823	4.938682	13436	0.262499	19547	4.938682	8871
0.351789	35518	5.949952	45761	0.351789	25149	4.627833	38010
-0.234155	39705	-4.426579	79540	-0.234155	28016	-2.663559	94959
0.273178	39652	4.014251	161018	0.273178	27974	3.894420	87230
0.280708	35445	5.014465	176119	0.280708	25107	4.754914	9790
0.270116	31729	4.942834	132936	0.270116	22406	4.942834	82370
0.181414	7467	-3.817581	174739	0.168344	7656	-3.504184	102443
0.165267	48716	2.867374	22282	0.165267	34227	2.867374	15318
0.182012	8736	3.552934	163707	0.182012	5914	2.456062	26069
0.212926	31608	2.940414	44413	0.212926	22327	-2.705603	91680
-0.166198	13601	3.387136	140109	-0.165594	11041	-2.450288	37965
0.175567	19427	3.475526	127631	0.161215	28493	3.469346	18961
0.264005	39704	4.196250	176410	0.264005	28015	4.018291	20394
-0.291763	35396	-4.152937	9319	-0.291763	25080	-4.152937	6099
0.167931	2170	2.575151	116675	0.167030	583	2.344491	97335
-0.321376	31281	-4.472942	24973	-0.321376	22131	-4.250569	20362
0.226003	7447	5.941066	28910	0.216983	4846	3.933929	23178
0.160009	15901	-4.913325	149761	0.160009	10636	-2.236055	9126
0.189971	34650	2.835345	38847	0.189650	14859	2.669371	40625
-0.176869	3143	-2.961135	101503	-0.175533	22331	-2.634692	96724
0.194475	7479	3.217649	114114	0.179530	72046	3.068310	72046
-0.212430	31550	-4.233512	127631	-0.212430	22286	-3.199820	102943
-0.201176	3585	-3.061320	181080	-0.201176	2540	-2.675695	68743
0.261322	10689	5.454383	181536	0.261322	7239	3.831621	106048
-0.187734	32102	5.330661	161063	-0.187734	22695	3.422052	91465
-0.192175	28814	4.609352	149711	-0.192175	20268	-2.879238	20268
0.267559	31463	3.391540	107911	0.253422	22199	3.034804	17872
0.368299	39723	6.875158	111151	0.368299	28026	4.412926	23241
0.316184	31550	3.835580	284	0.316184	22286	3.577483	240
-0.185701	27843	3.265868	58668	-0.170667	19580	3.265868	40571
0.334925	31550	3.898532	219	0.334925	22286	3.692962	8931
-0.189407	23619	2.834204	58668	-0.189407	16495	2.834204	40571
-0.279781	16590	-5.876443	16590	-0.278861	11041	-4.542640	11041
-0.199147	24403	3.311821	166250	-0.199147	17014	2.981722	11353
-0.291828	31670	-4.882435	37387	-0.291828	22369	-3.864723	51498
-0.177527	39723	3.130673	37065	-0.177527	28026	3.082510	26191
0.199586	155054	3.971932	123119	0.175006	89462	3.971932	76918
-0.288648	31550	-6.248316	155137	-0.288648	22286	-5.374513	77070
0.168687	150446	3.280839	174697	0.160308	5967	3.280839	104012
-0.241222	35177	-5.086528	123513	-0.241222	24977	-3.622938	82083
-0.415899	39723	-5.043235	65291	-0.415899	28026	-4.436793	14493
0.181648	50210	4.098366	100097	0.177549	25148	3.407952	11534
-0.302359	35556	-6.425969	170804	-0.302359	25184	-5.733940	103270
-0.205650	181572	-2.983728	181571	-0.178898	106044	-2.894345	106053
-0.193148	181774	-3.508459	28928	-0.188395	17203	-3.398009	17749
0.281592	35639	3.724308	79743	0.279536	22327	2.763760	8861
0.273535	6332	4.391497	1409	0.273535	4248	3.871565	2238
0.195157	48778	-4.053171	149761	0.195157	34283	-2.495054	48189
0.241832	1595	3.201814	15308	0.241682	4627	3.201814	10292
0.254388	27650	-3.447990	99870	0.254388	19469	-2.708076	60494
-0.171511	100191	-3.651736	9285	-0.171075	64901	-3.651736	6065
-0.244502	175817	-4.483557	169793	-0.222349	10711	-3.406348	104036
-0.187481	181949	-2.914529	80482	-0.173306	14908	-2.612622	46975
0.211086	181920	3.312256	181573	0.190523	106050	3.251837	106050
0.243455	126586	4.883609	149610	0.234758	4014	3.916053	98048
0.226287	24802	-3.246967	172847	0.226287	17229	-2.689390	103273
-0.183082	145	-3.953605	166252	-0.183082	142	-3.027625	100577
0.207493	177883	3.655336	177883	0.202621	105164	3.546005	105164
0.325890	27708	4.361792	61570	0.325890	19495	4.021787	16557
0.233895	44025	3.942024	156795	0.233895	30959	3.328756	7430
0.194800	2374	2.983655	219	0.184830	220	2.826492	228
0.175057	76053	-3.088597	58829	0.168735	19665	-3.088597	40653
0.204065	152145	5.008566	152145	0.190965	70279	3.325435	70279
0.248910	39723	5.768211	99498	0.248910	28026	4.011253	74966
-0.172292	150967	-3.230163	135980	-0.152557	82287	2.535364	26039
0.178794	110333	3.201630	122857	-0.167063	11018	2.585882	85483
-0.164565	3331	2.810637	136216	-0.152966	917	2.359367	104012
0.259203	181026	3.925639	148876	0.210716	105987	3.563968	103676
-0.211067	168450	-4.082467	171033	-0.183798	100475	-3.717291	104002
-0.185009	15640	2.997824	7486	-0.185009	10511	2.997824	4855
-0.261791	181920	-4.637886	181920	-0.184424	106067	-3.780453	106050
-0.355147	35556	-4.036121	181871	-0.355147	25184	-3.901553	36550
-0.223488	9799	-3.631779	23734	-0.223488	6502	-3.631779	16600
-0.157995	25387	4.747243	149301	-0.157995	17688	-2.593098	17688
-0.201488	39723	-3.259667	149301	-0.201488	28026	-2.772847	43225
-0.262019	35576	-4.212477	12201	-0.242477	25141	-4.212477	8142
-0.265956	27707	-6.160227	170758	-0.265956	19494	-4.000721	50786
-0.282368	3545	-3.768079	302	-0.282368	2505	-3.269756	11207
0.226669	162	4.416907	283	0.226669	158	3.235976	238
0.213757	31365	-4.093641	79743	0.208471	12327	2.660661	80118
-0.210729	11997	-3.654252	139611	-0.210729	7938	-3.221732	11209
0.209635	39723	2.935294	29312	0.209635	28026	2.847794	8900
-0.220874	2375	-3.421496	791	-0.182982	3022	-3.232451	6064
-0.183900	3129	-3.164643	168503	-0.183639	2259	-2.601631	35140
-0.216878	1913	-2.794447	112261	-0.216878	1531	-2.726872	25898
-0.205155	181653	-3.693063	163937	-0.185214	1725	-3.440381	91680
0.178421	35868	-3.777020	161018	0.178421	25378	-2.700266	91652
-0.266508	31549	-4.313056	82620	-0.266508	22285	-4.110466	43296
-0.178422	27937	-3.669078	107763	-0.178422	19624	-3.079992	4855
0.190386	3551	3.550595	119606	0.190386	2508	3.550595	74966
-0.309123	31670	-4.940106	11378	-0.309123	22369	-4.767012	11234
-0.217536	16016	-3.078752	160832	-0.217536	10711	-3.033800	35155
0.282819	35460	4.896291	11254	0.282819	25109	4.896291	7408
-0.176244	35639	-4.184313	79540	-0.169237	1957	-2.480925	76696
0.326281	31607	3.754311	25325	0.326281	22326	3.754311	17627
0.174449	107007	2.998671	161107	0.172252	6643	2.843009	103023
-0.200100	7479	-3.188753	13174	-0.197042	3986	-3.188753	8814
0.397605	24564	5.627331	33460	0.397605	17111	5.627331	23684
0.250563	27982	-4.090843	149761	0.250563	19662	2.758452	13994
-0.230513	26972	-3.821612	75653	-0.230513	19077	-3.495651	50764
-0.268698	39723	-3.888740	49923	-0.268698	28026	-2.687212	92757
0.237581	31550	3.381484	83076	0.237581	22286	-2.596644	102070
-0.217510	181774	-5.406255	166294	0.208364	19519	-3.866498	95208
-0.206788	181653	-3.398619	178560	-0.201278	33279	-3.344983	76860
-0.265038	35517	-4.348563	37486	-0.265038	25148	-3.976593	37599
-0.227496	1783	-6.005352	161019	-0.227496	1433	-3.061701	1434
-0.210708	180180	-3.458339	172288	-0.191788	2394	-2.917736	105813
0.173322	62066	2.889181	79583	0.151532	19667	2.747956	50642
0.277478	31607	3.429178	35628	0.277478	22326	3.164845	78934
-0.233211	27708	3.798485	155316	-0.233211	19495	2.846468	78642
0.270735	2483	2.964911	174683	0.270735	1836	-2.809280	91681
-0.190483	15967	-3.459246	11254	-0.190483	10681	-3.459246	7408
-0.169535	27937	-3.098614	173024	-0.169535	19624	2.595946	43347
-0.192652	6147	-4.736077	179167	-0.192652	4079	-3.798384	101506
-0.246451	11912	-3.082618	28546	-0.217751	25544	-3.047570	17902
0.387990	27982	4.651763	1460	0.387990	19662	4.418758	8778
0.208836	48723	3.609191	152318	0.208836	34234	3.609191	93259
0.186839	36091	-3.355858	151609	0.186839	25550	2.829820	20101
-0.294362	31511	4.854429	127631	-0.277376	28026	-3.363555	2960
-0.173864	25331	2.567764	149061	-0.173864	17632	-2.358518	16696
0.174898	19405	-4.428734	161018	0.174898	13155	2.908368	12184
0.209751	107007	4.297360	92009	0.199009	19799	3.358580	80572
-0.240594	39706	-4.170376	28899	-0.231466	25107	-4.170376	20338
0.187983	1405	3.406719	220	0.187983	1144	3.150425	6065
-0.204361	1466	-2.941178	788	-0.200779	28071	-2.575212	85435
-0.179139	6210	-5.421397	166294	-0.179139	4129	-3.735545	98176
0.178689	18388	-4.709087	149811	0.178689	12482	2.498497	26026
-0.250713	24197	-5.390723	177923	-0.239736	12482	-3.627272	105171
0.202902	181930	3.834820	177852	0.186818	2428	2.953500	104011
-0.331342	35519	-4.737498	1446	-0.331342	25150	-4.160038	12596
0.229529	5949	3.554897	5949	0.229529	3898	3.554897	3898
-0.260259	31672	-3.786941	62181	-0.245847	22407	-2.981725	37309
-0.295899	16720	-5.373809	57898	-0.295899	11167	-3.330818	51701
0.190039	27708	-5.474506	161019	0.190039	19495	-2.945372	98275
0.224008	24111	-3.309421	79540	0.224008	16869	3.020998	10583
-0.199251	5885	-4.672444	155317	-0.199251	3837	-3.371450	3837
0.203579	55638	2.878006	176399	0.203579	38542	2.836722	38542
-0.169776	106532	-4.966353	155317	-0.162482	68520	-3.559325	70195
-0.248207	27693	-3.945259	89460	-0.248207	19492	-3.328327	23255
0.167510	18792	-3.820396	155609	-0.158515	48017	-3.337909	98224
0.187215	31325	3.703003	7486	0.187215	22157	3.703003	4855
0.170065	1435	2.882633	32936	0.148117	56642	2.779884	105532
-0.186489	35821	-3.012863	139611	-0.186489	25347	-2.557128	37984
0.252198	28446	4.169075	32686	0.252198	19996	4.039096	30415
0.237979	44025	3.895091	29005	0.237979	30959	3.180575	23222
-0.307439	2483	-4.600948	3431	-0.307439	1836	-4.600948	2397
0.156195	27707	2.866940	126951	0.156195	19494	-2.140860	28992
-0.195633	181600	-3.508735	165671	-0.191701	105988	-2.822436	105988
0.215713	35517	3.842017	149301	0.215713	25148	2.500099	104022
0.287358	24521	5.261965	19075	0.287358	17081	5.261965	12909
0.214863	2422	3.847081	159743	0.214863	1775	3.178264	3249
-0.390656	35519	-5.073491	32881	-0.390656	25150	-4.595971	23270
-0.347391	35620	-4.894746	78878	-0.345214	22286	-3.667499	41505
0.189985	65868	2.806873	50117	0.189985	44941	2.806873	35132
-0.204110	32203	4.535224	149761	-0.204110	22786	-3.157695	22786
0.286988	31608	2.767490	149862	0.286988	22327	2.596996	8899
0.223474	4887	3.171864	128634	0.223474	3360	2.815805	104661
0.249438	24803	-3.629852	166210	0.249438	17230	-2.840320	105152
-0.195897	18445	-3.029427	27700	-0.195897	12518	-2.917995	12518
0.251741	213	4.071522	155317	0.251741	203	3.555791	224
0.196058	53614	3.161342	293	0.184154	7466	2.702642	34581
-0.161372	45628	3.378626	65565	-0.151760	2159	-1.985199	45871
0.358293	35639	4.880778	97877	0.349760	25263	4.703293	55015
0.214697	163	3.240884	129531	0.214697	159	2.996958	104014
0.178225	2979	-2.922669	174311	0.172494	5101	2.581906	16236
-0.179254	181924	-3.251543	149661	-0.177944	4139	2.520792	19909
0.223544	9776	4.116364	168477	0.223544	6482	4.116364	101505
-0.222984	12872	-3.604593	9306	-0.222984	8667	-3.604593	6086
-0.280347	27982	5.434550	163749	-0.280347	19662	-3.724695	8872
-0.180726	52585	-5.218701	171078	0.173401	16650	-3.370260	78642
-0.199056	44086	-3.489451	119693	-0.199056	31014	2.185701	15755
-0.270554	1644	-2.937458	1644	-0.270554	1304	-2.937458	1304
0.309764	35519	3.753326	32686	0.309764	25150	3.529076	6216
0.221156	43965	3.231586	5583	0.217379	25109	2.945080	3783
0.164319	181459	3.446205	135941	0.164319	106033	2.571619	106033
0.245072	31281	-3.135311	143452	0.245072	22131	2.901977	16400
-0.216222	39819	4.293172	32828	-0.192425	28059	3.623035	6065
0.308368	31550	4.151187	145998	0.308368	22286	3.690887	80117
-0.166363	11397	-3.808547	284	-0.166363	7502	3.753709	74966
-0.175696	114127	-2.918003	168624	-0.163619	30942	-2.880283	101575
-0.336545	31608	-3.533473	43751	-0.336545	22327	-3.196036	65404
0.164040	23848	-3.334845	79743	0.164040	16700	2.238582	14536
0.182494	136216	3.215910	136216	0.181593	22169	2.525931	82366
-0.268728	31322	-5.691143	22413	-0.230190	17014	-5.691143	15404
-0.263357	13971	-5.186958	49262	-0.263357	9236	-3.695875	16692
-0.166374	20828	3.881519	158206	-0.166374	14358	2.753878	95377
-0.176520	6467	2.723244	9299	-0.172564	4292	2.723244	6079
0.267885	39723	5.024355	113920	0.267885	28026	4.153017	43225
0.309086	31551	4.520619	32151	0.309086	22287	4.520619	22738
0.165299	180169	-3.787106	791	0.163733	94954	-3.054355	12098
-0.289324	14268	-4.209712	179872	-0.289324	9416	-3.565276	76550
-0.218468	25073	-3.566965	112055	-0.218468	17434	-3.133118	45878
0.343826	35556	3.664280	13346	0.343826	25184	3.664280	8862
0.180158	181948	4.321125	174686	-0.167726	8862	3.345789	105524
0.178353	35459	3.564453	135274	0.178353	25108	3.564453	83597
0.200653	5844	3.699002	9287	0.197256	2260	3.699002	6067
0.252253	16658	4.786628	125100	0.250222	12881	4.475013	79683
-0.185748	28409	2.758503	113920	-0.185748	19967	-2.460453	17729
0.175059	45726	3.824205	166294	-0.165204	25550	2.845266	96612
-0.215448	31229	2.451401	5551	-0.215448	22101	2.166128	85417
-0.200841	14046	-3.339731	75379	-0.198271	28071	-2.954373	6082
-0.329916	31551	-4.728418	100645	-0.329916	22287	-4.673688	8938
-0.269987	35517	-4.061084	122775	-0.269987	25148	-4.061084	76696
-0.203894	162	-3.232101	791	-0.203894	158	-3.035672	244
-0.216394	31729	-3.372853	16786	-0.216394	22406	-3.372853	11208
-0.256208	844	-3.846097	144340	-0.256208	707	-3.699145	88665
0.156913	50029	2.485948	79320	0.156913	35068	-2.137464	7416
-0.221917	24573	-2.993327	49911	-0.221917	17114	-2.872649	17723
0.202598	181840	3.759564	160823	0.172892	8139	3.263172	4879
0.268806	31550	3.280508	15829	0.268806	22286	3.280508	10589
-0.234056	31367	-3.725261	161576	-0.202582	8686	-3.085738	95377
-0.359517	35460	-5.467707	90543	-0.359517	25109	-4.634941	15937
0.259860	27984	3.197964	66236	0.259860	19664	2.687770	50787
-0.297487	39723	-3.375645	152138	-0.297487	28026	-3.281344	83597
-0.348500	35517	-5.308235	84988	-0.348500	25148	-4.969609	23235
0.202851	24384	-4.108085	166294	0.202851	17010	3.084673	4855
-0.228756	39761	3.474965	19467	-0.228756	28059	3.310530	13183
-0.243173	31608	-4.012255	62435	-0.243173	22327	-2.750040	70010
-0.188101	1233	-3.939306	197	-0.188101	1032	-3.843054	174
-0.199049	181586	-4.896577	177897	-0.178650	10019	-4.399932	105171
-0.316570	31550	-5.266131	21680	-0.316570	22286	-4.325046	21585
-0.275448	3461	-4.399803	167797	-0.275448	2427	-4.399803	101107
-0.198552	589	-4.096849	177659	-0.198552	522	-3.932334	105035
-0.202726	44372	3.163556	122147	-0.202726	31262	-2.282554	39375
0.169581	1089	3.675720	163888	0.169581	928	3.426598	99453
-0.205051	132096	4.309500	2369	0.191404	23174	-3.032562	73772
0.186808	181904	-3.327344	132936	-0.173821	13183	-3.327344	82370
0.292967	31414	4.933403	115966	0.292967	22199	3.948064	83597
-0.176204	21474	2.488550	142078	-0.176204	14781	-2.325902	8871
-0.219482	16703	-4.297303	45763	-0.219482	11154	-4.004223	32210
-0.235183	84445	-4.617962	62435	-0.214177	25348	-3.159785	25340
0.179363	5951	2.546235	68965	0.179363	3900	2.256255	103457
-0.189591	31449	-3.105392	179221	-0.182520	25148	-2.959917	94959
-0.246178	27708	3.313854	29005	-0.246178	19495	2.444835	102040
-0.209158	48778	-3.669806	16907	-0.209158	34283	-3.669806	11315
-0.161849	32811	-3.091745	11342	-0.161849	23175	-3.091745	7452
0.281277	21675	4.324249	60777	0.281277	14906	3.644284	26165
-0.284954	39723	-4.646203	92245	-0.284954	28026	-4.554349	43225
-0.257044	35618	-3.952023	58668	-0.257044	25222	-3.952023	40571
0.453762	31551	5.235698	104523	0.453762	22287	4.843668	23191
-0.250279	13971	-3.423913	152067	-0.250279	9236	-3.152190	6311
-0.199128	35460	-3.166050	13551	-0.199128	25109	-3.166050	8937
0.206145	3467	5.869952	161157	0.206145	2431	3.489089	101654
-0.255547	35197	-3.301641	140109	-0.255547	24982	-2.153651	39025
-0.196012	79880	-3.026055	163500	-0.178776	45884	-2.815156	104034
-0.365384	39723	-5.282724	129746	-0.365384	28026	-3.444959	48227
-0.261603	8735	-4.342240	181558	-0.261603	5913	-4.283328	6982
0.248924	3427	3.091053	32717	0.248924	2394	3.091053	23113
0.236908	35196	-3.527776	149301	0.236908	24981	2.930242	14550
-0.215807	21716	3.717820	79743	-0.215807	14929	-3.006187	244
0.172066	18564	-3.638867	125220	0.172066	12597	3.100416	18560
0.241742	100210	4.144609	119692	0.240193	22327	4.144609	75023
-0.307055	44025	-4.556285	122654	-0.307055	30959	-3.275768	8981
-0.185913	84019	3.957780	149661	-0.178422	25109	-2.644127	19909
-0.239086	44145	-2.985993	40044	-0.239086	31066	-2.731754	10554
0.253314	27984	3.418309	13346	0.253314	19664	3.418309	8862
-0.265926	31551	4.316178	149711	-0.265926	22287	-3.535207	16748
-0.308356	35460	-3.668966	25777	-0.308356	25109	-3.175467	17938
0.205445	25416	3.538523	22345	0.205445	17716	3.517763	15332
0.192565	24627	2.962978	179086	0.181346	10489	-2.635166	8868
-0.258895	27982	-3.852846	166294	-0.258895	19662	-3.764129	87833
0.299081	21920	4.685952	79540	0.299081	15046	3.248977	29240
0.293953	35619	4.205246	36800	0.279526	22327	4.205246	26042
-0.227895	18189	-3.841971	181188	-0.227895	12364	-3.502612	103457
-0.181671	93233	-3.636622	168488	-0.169240	42158	-2.908422	103953
0.213634	23689	-4.027237	146639	0.213634	16562	2.533068	14033
0.187502	162	3.028017	51458	0.187502	158	3.028017	35934
-0.202510	5952	4.265297	127631	-0.202510	3901	-2.927330	8814
0.255674	2960	3.860367	28265	0.246949	1671	3.860367	19850
-0.167819	25270	-3.006525	71496	0.165820	31014	-3.006525	48327
-0.229904	24573	-3.149020	23786	-0.229904	17114	-3.149020	16647
0.167493	48841	-2.910544	138722	0.167493	34339	-2.910544	85417
0.322684	31630	6.528767	29170	0.322684	22331	5.663670	23180
-0.302188	35556	-4.925416	174686	-0.302188	25184	-4.118208	77171
-0.286824	31608	3.026328	83780	-0.286824	22327	-2.998118	8862
0.243237	44125	4.348566	156180	0.243237	31046	3.570731	105083
0.226646	20975	2.760816	161157	0.226646	14472	2.502335	37913
-0.219188	39761	-3.565690	119693	-0.219188	28059	-2.892765	105142
0.168748	35517	-3.322651	113507	0.168748	25148	2.532752	19114
-0.171189	6183	-2.780404	67349	-0.171189	4109	-2.780404	45877
-0.242105	24627	-3.725242	39922	-0.222238	17077	-3.248034	42008
-0.270005	3499	-5.720267	174271	-0.270005	2463	-5.110936	102942
-0.247981	31318	-3.520017	67354	-0.247981	22156	-3.233087	6080
-0.186626	75688	3.665551	149557	-0.175234	1836	3.665551	91680
-0.191594	126558	-3.141576	126558	-0.178611	6482	-2.611333	78727
0.251712	9697	4.006573	257	0.251712	6412	3.592469	240
-0.368851	27982	-3.546510	13491	-0.368851	19662	-3.546510	8900
0.363331	24522	5.550705	751	0.363331	17082	5.236768	240
0.214327	103879	5.157308	171078	0.214327	66842	4.084157	100476
0.277693	3427	3.700202	174949	0.277693	2394	3.422218	104111
0.198178	26682	-2.541519	158008	0.198178	18801	2.327521	30288
0.299727	16357	5.012157	74254	0.299727	10925	4.572420	6439
0.218502	11912	4.157275	35953	0.218012	6482	4.157275	25438
-0.196342	181920	-3.644915	22847	-0.190238	2324	-3.644915	15803
-0.188979	163	-3.344062	161019	-0.188979	159	-2.616855	82407
-0.214837	6210	-4.600376	177849	-0.214837	4129	-3.858587	105150
-0.182994	32069	-2.590316	9305	-0.182994	22666	-2.590316	6085
0.165560	1808	-2.982642	62864	-0.164173	19773	-2.472509	50642
0.212070	2482	4.575119	122775	0.212070	1835	4.575119	76696
0.223680	21155	3.282295	21141	0.223680	14596	3.282295	14582
-0.207718	27823	-3.561089	123540	-0.207718	19547	-3.137395	40571
-0.219495	31607	3.728698	149661	-0.219495	22326	-2.578299	6064
0.172534	145807	4.983933	161309	0.167584	89462	4.983933	98248
-0.162104	28581	-2.342305	11255	-0.162104	20109	-2.247004	20109
-0.284274	35458	-4.550805	28742	-0.276325	25109	-4.550805	20216
0.324921	31449	6.188672	100192	0.315373	25150	5.983245	6066
0.259270	35639	-3.433694	103494	0.252576	25263	3.306879	8870
-0.321575	31551	-2.938959	98139	-0.321575	22287	-2.821029	61697
0.248853	24803	3.744184	79743	0.248853	17230	2.783931	6311
-0.179964	146846	-6.559904	149965	-0.167784	90135	-4.886912	91948
0.278614	27984	3.540835	15787	0.278614	19664	3.540835	10572
0.197062	31088	-4.579512	166294	0.196668	22068	-2.714928	101505
-0.249601	3630	-3.356613	163665	-0.249601	2578	-3.260274	1910
0.178249	7549	4.954934	155317	0.178249	4918	3.406297	95377
0.200760	76053	-3.558493	3336	-0.179909	19407	-3.106684	10397
0.176428	1852	3.513068	28899	0.170437	37998	3.513068	20338
0.319794	16720	6.753062	51806	0.319794	11167	6.753062	36200
-0.277414	35460	-3.758756	180147	-0.277414	25109	-3.677244	23195
0.265154	31550	3.266420	91547	0.265154	22286	3.038571	8899
0.180869	36032	-3.661736	179130	0.180869	25502	-3.661736	105530
-0.283695	13971	-4.087704	5551	-0.283695	9236	-3.538467	6083
-0.212586	88213	-3.508998	33691	-0.211067	58260	-3.508998	23907
-0.367741	35577	-4.726662	13436	-0.367741	25187	-4.726662	8871
0.185778	27938	3.425367	64292	0.185778	19625	2.781293	28356
-0.302897	35497	-3.769661	76130	-0.302897	25140	-3.653011	1835
0.168425	67909	-3.897010	79743	0.147840	150	2.579427	150
0.166515	22031	3.128532	22031	-0.139311	3012	2.173038	17840
0.177723	126638	5.021656	161360	0.144456	7317	4.632060	98248
-0.176920	6093	3.125204	111568	-0.176920	4030	-2.736059	26067
0.223442	32810	-4.237526	79540	0.223442	23174	3.637364	15982
0.219012	18102	3.564896	15022	0.219012	12298	3.219187	8787
-0.224612	12586	-3.491650	129746	-0.217063	22127	-2.866486	13266
-0.382486	35460	-5.649624	19405	-0.382486	25109	-5.649624	13155
-0.240591	31320	-4.379451	7082	-0.221849	521	-3.998118	4788
-0.217325	19029	-3.304298	134642	-0.217325	12881	-3.245389	105715
-0.340328	31549	-4.210379	50838	-0.340328	22285	-4.210379	35475
0.322092	27708	4.104205	22365	0.322092	19495	3.501216	7429
-0.146057	16432	-4.888688	149301	-0.146057	10973	2.306499	64478
0.376885	31608	4.902630	21680	0.376885	22327	4.208291	21586
0.194724	163	-3.243300	32881	0.194724	159	-2.959170	20371
0.254374	3501	-4.093931	149301	0.254374	2465	3.092341	14507
-0.219797	6377	-3.486733	174386	-0.219797	4292	-3.377078	102991
0.316551	35196	3.756230	16834	0.316551	24981	3.704415	34610
-0.195520	16553	-3.983021	79743	-0.195520	11041	-3.356503	46893
0.216891	24108	2.950614	21076	0.216891	16866	2.950614	14536
0.360621	27982	4.642694	69294	0.360621	19662	4.642694	46858
0.251511	35556	3.768670	162748	0.251511	25184	3.057014	76696
